# NaN NaN NaN ;Mean Elev.(m), Avg Gradient(m/km), RMS Gradient(m/km) - SRTM1     
#   77.251  -0.749   7.872 ;Mean Elev.(m), Avg Gradient(m/km), RMS Gradient(m/km) - ASTER GDEM
#   80.474  -1.816   7.442 ;Mean Elev.(m), Avg Gradient(m/km), RMS Gradient(m/km) - GMTED2010 
  7    79.230 52443.05507203 42.00 310.993487  -5.320241 18.047
  7    79.227 52443.05507267 40.53 310.992757  -5.316931 18.047
  7    79.377 52443.05507332 38.87 310.992027  -5.313631 18.047
  7    79.496 52443.05507396 41.93 310.991297  -5.310331 18.047
  7    79.646 52443.05507460 44.98 310.990567  -5.307021 18.047
  8    78.901 52478.05506594 50.28 310.999304  -5.323949 23.209
  8    79.044 52478.05506659 49.26 310.998574  -5.320639 23.209
  8    78.829 52478.05506723 50.89 310.997844  -5.317339 23.209
  8    79.823 52478.05506788 46.18 310.997104  -5.314029 23.209
  8    79.026 52478.05506852 43.10 310.996374  -5.310729 23.209
  8    79.216 52478.05506917 43.82 310.995644  -5.307429 23.209
  8    79.396 52478.05506981 45.59 310.994914  -5.304119 23.209
  8    79.519 52478.05507046 46.92 310.994184  -5.300819 23.209
  8    79.573 52478.05507110 51.74 310.993454  -5.297509 23.209
  9    79.823 52513.05500754 42.63 311.013073  -5.324342  6.787
  9    79.911 52513.05500818 48.96 311.012343  -5.321032  6.787
  9    79.554 52513.05500883 48.16 311.011620  -5.317734 19.346
  9    79.962 52513.05500947 45.87 311.010890  -5.314424 19.346
  9    80.165 52513.05501270 47.73 311.007230  -5.297904 19.346
  9    79.705 52513.05501334 49.96 311.006500  -5.294604 19.346
  9    80.383 52513.05501399 48.71 311.005770  -5.291304 19.346
  9    79.685 52513.05501463 52.59 311.005040  -5.287994 19.346
  9    79.623 52513.05501528 48.84 311.004310  -5.284694 19.346
 10    79.460 52548.05505282 41.80 310.999745  -5.307728 20.125
 10    79.458 52548.05505346 43.42 310.999015  -5.304418 20.125
 10    79.980 52548.05505411 45.45 310.998285  -5.301118 20.125
 10    79.423 52548.05505475 48.36 310.997555  -5.297808 20.125
 10    79.580 52548.05505540 49.06 310.996825  -5.294508 20.125
 11    79.464 52583.05505114 45.75 311.007826  -5.325015 13.071
 11    79.275 52583.05505178 44.65 311.007096  -5.321715 13.071
 11    80.206 52583.05505243 38.40 311.006366  -5.318405 13.071
 11    80.120 52583.05505307 39.84 311.005636  -5.315105 13.071
 11    80.404 52583.05505372 38.65 311.004906  -5.311805 13.071
 11    79.586 52583.05505436 43.30 311.004176  -5.308495 13.071
 11    80.302 52583.05505501 40.54 311.003446  -5.305195 13.071
 11    80.213 52583.05505565 44.96 311.002716  -5.301885 13.071
 12    79.103 52618.05502594 46.84 311.000255  -5.322517 18.595
 12    79.128 52618.05502658 48.13 310.999535  -5.319217 18.595
 12    79.189 52618.05502723 49.28 310.998795  -5.315917 18.595
 12    79.267 52618.05502787 45.09 310.998065  -5.312607 18.595
 12    79.254 52618.05502852 43.38 310.997335  -5.309307 18.595
 12    79.455 52618.05502916 43.42 310.996605  -5.305997 18.595
 12    79.675 52618.05502981 44.69 310.995874  -5.302698 11.973
 12    79.793 52618.05503045 49.02 310.995144  -5.299388 11.973
 12    79.839 52618.05503109 48.03 310.994414  -5.296088 11.973
 13    81.413 52653.05499952 39.18 311.013878  -5.322257  9.561
 13    81.521 52653.05500016 41.48 311.013148  -5.318947  9.561
 13    81.468 52653.05500080 45.52 311.012418  -5.315647  9.561
 13    81.470 52653.05500145 46.19 311.011688  -5.312337  9.561
 13    81.336 52653.05500532 47.59 311.007308  -5.292519 12.800
 13    81.566 52653.05500596 46.15 311.006578  -5.289209 12.800
 13    81.577 52653.05500661 48.73 311.005848  -5.285909 12.800
 14    80.725 52688.05499945 47.77 311.006341  -5.326629 11.292
 14    81.613 52688.05500010 44.00 311.005611  -5.323319 11.292
 14    81.184 52688.05500074 43.83 311.004881  -5.320019 11.292
 14    81.838 52688.05500590 47.92 310.999039  -5.293580 13.588
 15    84.305 52723.05504591 46.38 311.005523  -5.327501  7.659
 15    84.519 52723.05504655 46.41 311.004793  -5.324201  7.659
 15    84.257 52723.05504720 45.59 311.004063  -5.320901  7.659
 15    82.869 52723.05504784 47.75 311.003333  -5.317591  7.659
 15    83.108 52723.05504849 47.25 311.002604  -5.314292 11.738
 15    82.985 52723.05504913 47.55 311.001874  -5.310982 11.738
 15    83.128 52723.05504978 47.75 311.001144  -5.307682 11.738
 15    83.250 52723.05505042 47.72 311.000414  -5.304382 11.738
 15    83.225 52723.05505107 48.33 310.999684  -5.301072 11.738
 15    83.283 52723.05505171 48.95 310.998954  -5.297772 11.738
 15    83.197 52723.05505236 48.35 310.998224  -5.294462 11.738
 15    83.299 52723.05505300 44.15 310.997494  -5.291162 11.738
 16    82.006 52758.05506665 47.97 310.994033  -5.331176 11.472
 16    82.540 52758.05506729 49.49 310.993303  -5.327876 11.472
 16    82.078 52758.05506794 45.35 310.992573  -5.324576 11.472
 16    81.956 52758.05506858 45.10 310.991843  -5.321266 11.472
 16    81.874 52758.05506923 45.03 310.991113  -5.317966 11.472
 16    81.762 52758.05506987 44.13 310.990383  -5.314656 11.472
 16    81.895 52758.05507052 45.27 310.989660  -5.311358  8.869
 17    80.650 52793.05502030 41.27 311.008116  -5.325151  7.187
 17    80.668 52793.05502094 43.04 311.007386  -5.321851  7.187
 17    80.762 52793.05502159 43.13 311.006656  -5.318541  7.187
 17    81.183 52793.05502610 46.90 311.001541  -5.295414 15.109
 17    80.947 52793.05502675 48.45 311.000811  -5.292114 15.109
 17    80.926 52793.05502739 48.38 311.000081  -5.288814 15.109
 18    79.787 52828.05508787 42.61 311.010312  -5.325987  8.034
 18    80.327 52828.05508851 43.36 311.009582  -5.322677  8.034
 18    80.270 52828.05508916 44.11 311.008852  -5.319377  8.034
 18    80.310 52828.05508980 43.75 311.008122  -5.316067  8.034
 18    80.139 52828.05509045 44.56 311.007388  -5.312770 16.558
 18    80.294 52828.05509302 45.08 311.004468  -5.299550 16.558
 18    80.568 52828.05509367 43.51 311.003738  -5.296250 16.558
 18    80.581 52828.05509431 43.98 311.003008  -5.292940 16.558
 18    80.274 52828.05509496 49.66 311.002278  -5.289640 16.558
 19    79.407 52863.05513313 44.66 311.011593  -5.324579  8.875
 19    79.905 52863.05513377 47.65 311.010863  -5.321269  8.875
 19    79.782 52863.05513442 44.11 311.010133  -5.317969  8.875
 19    79.997 52863.05513506 46.19 311.009403  -5.314659  8.875
 19    80.017 52863.05513571 46.09 311.008671  -5.311362 16.286
 19    80.160 52863.05513764 46.32 311.006481  -5.301442 16.286
 19    79.934 52863.05513828 47.17 311.005751  -5.298142 16.286
 19    79.918 52863.05513893 45.18 311.005021  -5.294842 16.286
 19    80.364 52863.05513957 46.13 311.004291  -5.291532 16.286
 19    80.077 52863.05514022 49.87 311.003561  -5.288232 16.286
 20    78.975 52898.05516373 44.43 311.001825  -5.320347 10.024
 20    78.935 52898.05516437 47.88 311.001095  -5.317037 10.024
 20    78.857 52898.05516502 50.93 311.000370  -5.313739 18.873
 20    79.655 52898.05516566 42.54 310.999640  -5.310429 18.873
 20    79.278 52898.05516631 41.67 310.998910  -5.307129 18.873
 20    79.316 52898.05516695 44.51 310.998180  -5.303829 18.873
 20    79.420 52898.05516759 46.20 310.997450  -5.300519 18.873
 20    79.470 52898.05516824 49.63 310.996720  -5.297219 18.873
 20    79.332 52898.05516888 50.16 310.995990  -5.293909 18.873
 21    79.123 52933.05510866 43.86 311.001092  -5.323814 12.494
 21    79.372 52933.05510930 43.22 311.000362  -5.320504 12.494
 21    78.938 52933.05510995 47.22 310.999632  -5.317204 12.494
 21    78.895 52933.05511059 47.38 310.998902  -5.313904 12.494
 21    78.941 52933.05511124 42.88 310.998172  -5.310594 12.494
 21    79.213 52933.05511188 42.59 310.997432  -5.307295 15.695
 21    79.418 52933.05511253 43.14 310.996702  -5.303985 15.695
 21    79.402 52933.05511317 48.21 310.995972  -5.300685 15.695
 21    79.462 52933.05511382 50.63 310.995252  -5.297385 15.695
 22    79.808 52968.05511535 43.69 311.006927  -5.326544  8.371
 22    80.054 52968.05511600 43.33 311.006197  -5.323234  8.371
 22    79.980 52968.05511664 42.71 311.005465  -5.319937 17.916
 22    80.310 52968.05511858 42.52 311.003275  -5.310027 17.916
 22    80.404 52968.05511922 42.76 311.002545  -5.306717 17.916
 22    80.268 52968.05511986 47.01 311.001815  -5.303417 17.916
 22    80.400 52968.05512051 46.45 311.001085  -5.300107 17.916
 22    80.332 52968.05512115 49.69 311.000355  -5.296807 17.916
 22    80.447 52968.05512180 46.98 310.999625  -5.293507 17.916
 22    80.123 52968.05512244 48.90 310.998885  -5.290197 17.916
 24    83.715 53038.05508758 49.25 311.001644  -5.329997 10.229
 24    84.011 53038.05508823 48.71 311.000904  -5.326687 10.229
 24    83.952 53038.05508887 48.83 311.000174  -5.323387 10.229
 24    83.681 53038.05508952 48.10 310.999444  -5.320087 10.229
 24    83.456 53038.05509016 52.51 310.998714  -5.316777 10.229
 24    83.525 53038.05509081 50.41 310.997983  -5.313478 16.102
 24    83.558 53038.05509145 48.50 310.997263  -5.310168 16.102
 24    83.553 53038.05509210 48.30 310.996533  -5.306868 16.102
 24    83.621 53038.05509274 47.88 310.995803  -5.303568 16.102
 24    83.736 53038.05509338 50.75 310.995073  -5.300258 16.102
 24    83.880 53038.05509403 47.59 310.994343  -5.296958 16.102
 25    86.199 53073.05511442 47.34 311.003827  -5.328946  8.044
 25    86.006 53073.05511507 49.12 311.003097  -5.325646  8.044
 25    85.870 53073.05511571 47.58 311.002367  -5.322336  8.044
 25    85.968 53073.05511636 49.02 311.001640  -5.319038 23.623
 25    85.984 53073.05511700 47.62 311.000910  -5.315728 23.623
 25    86.070 53073.05511765 48.78 311.000180  -5.312428 23.623
 25    85.762 53073.05511829 49.10 310.999450  -5.309128 23.623
 25    86.134 53073.05511894 48.41 310.998720  -5.305818 23.623
 25    86.145 53073.05511958 48.11 310.997990  -5.302518 23.623
 25    86.299 53073.05512023 48.30 310.997260  -5.299208 23.623
 25    86.325 53073.05512087 47.53 310.996530  -5.295908 23.623
 26    85.729 53108.05508868 42.40 311.000604  -5.325188  9.811
 26    85.096 53108.05508932 45.12 310.999874  -5.321878  9.811
 26    85.169 53108.05508997 48.77 310.999144  -5.318578  9.811
 26    84.959 53108.05509061 50.56 310.998424  -5.315268  9.811
 26    85.016 53108.05509126 49.44 310.997684  -5.311970 18.099
 26    85.147 53108.05509190 48.16 310.996964  -5.308660 18.099
 26    85.142 53108.05509255 48.55 310.996224  -5.305360 18.099
 26    85.104 53108.05509319 48.29 310.995504  -5.302060 18.099
 26    85.242 53108.05509384 48.66 310.994764  -5.298750 18.099
 27    82.096 53143.05512423 46.76 311.004973  -5.328314  7.274
 27    82.062 53143.05512487 49.11 311.004243  -5.325004  7.274
 27    82.030 53143.05512552 45.88 311.003512  -5.321707 14.414
 27    82.213 53143.05512616 46.38 311.002782  -5.318397 14.414
 27    82.169 53143.05512680 45.34 311.002052  -5.315097 14.414
 27    82.117 53143.05512745 46.52 311.001322  -5.311787 14.414
 27    82.203 53143.05512809 45.65 311.000592  -5.308487 14.414
 27    82.341 53143.05512874 45.11 310.999862  -5.305187 14.414
 27    82.368 53143.05512938 45.99 310.999132  -5.301877 14.414
 27    82.541 53143.05513003 45.97 310.998402  -5.298577 14.414
 27    82.228 53143.05513067 47.07 310.997672  -5.295277 14.414
 27    82.355 53143.05513132 44.78 310.996942  -5.291967 14.414
 28    79.714 53178.05514603 44.59 311.006894  -5.325442 17.263
 28    80.269 53178.05514668 44.17 311.006154  -5.322142 17.263
 28    80.271 53178.05514732 42.12 311.005424  -5.318832 17.263
 28    80.443 53178.05514797 43.22 311.004694  -5.315532 17.263
 28    80.199 53178.05514861 43.89 311.003964  -5.312232 17.263
 28    80.559 53178.05514990 44.99 311.002504  -5.305622 17.263
 28    80.250 53178.05515055 49.22 311.001774  -5.302312 17.263
 28    80.512 53178.05515119 49.95 311.001044  -5.299012 17.263
 28    80.412 53178.05515184 49.04 311.000314  -5.295712 17.263
 28    80.556 53178.05515248 50.23 310.999584  -5.292402 17.263
 29    79.520 53213.05516631 46.84 311.003204  -5.327070 11.361
 29    79.500 53213.05516695 45.60 311.002474  -5.323770 11.361
 29    79.648 53213.05516760 44.27 311.001744  -5.320460 11.361
 29    79.458 53213.05516824 48.54 311.001014  -5.317160 11.361
 29    79.678 53213.05516889 45.42 311.000284  -5.313850 11.361
 29    79.754 53213.05516953 43.42 310.999557  -5.310551 16.759
 29    79.723 53213.05517017 41.74 310.998827  -5.307241 16.759
 29    79.838 53213.05517082 44.02 310.998097  -5.303941 16.759
 29    79.862 53213.05517146 46.04 310.997367  -5.300641 16.759
 29    79.841 53213.05517211 48.53 310.996637  -5.297331 16.759
 29    79.867 53213.05517275 47.25 310.995907  -5.294031 16.759
 30    79.343 53248.05513512 44.80 311.005681  -5.327035  9.548
 30    79.013 53248.05513577 43.19 311.004951  -5.323735  9.548
 30    79.362 53248.05513641 39.58 311.004221  -5.320435  9.548
 30    79.618 53248.05513706 41.57 311.003491  -5.317125  9.548
 30    79.436 53248.05513770 44.80 311.002768  -5.313828 15.812
 30    79.685 53248.05513835 41.85 311.002038  -5.310518 15.812
 30    79.561 53248.05513899 42.08 311.001308  -5.307218 15.812
 30    79.580 53248.05513964 42.14 311.000578  -5.303908 15.812
 30    79.811 53248.05514028 44.24 310.999848  -5.300608 15.812
 30    79.627 53248.05514092 45.93 310.999118  -5.297308 15.812
 30    79.836 53248.05514157 47.58 310.998388  -5.293998 15.812
 31    79.163 53283.05512617 43.15 311.002376  -5.328102  7.743
 31    79.231 53283.05512681 47.38 311.001646  -5.324792  7.743
 31    79.071 53283.05512746 48.45 311.000912  -5.321495 21.345
 31    78.879 53283.05512810 50.13 311.000182  -5.318185 21.345
 31    78.952 53283.05512875 48.31 310.999452  -5.314885 21.345
 31    78.986 53283.05512939 45.90 310.998722  -5.311585 21.345
 31    78.979 53283.05513003 43.61 310.997992  -5.308275 21.345
 31    79.228 53283.05513068 42.57 310.997262  -5.304975 21.345
 31    79.510 53283.05513132 45.36 310.996532  -5.301665 21.345
 31    79.473 53283.05513197 51.40 310.995802  -5.298365 21.345
 31    79.345 53283.05513261 52.23 310.995072  -5.295065 21.345
 32    80.024 53318.05512550 44.89 311.009106  -5.326470 12.425
 32    79.760 53318.05512614 45.46 311.008376  -5.323170 12.425
 32    79.970 53318.05512679 42.46 311.007646  -5.319860 12.425
 32    80.328 53318.05512743 43.15 311.006916  -5.316560 12.425
 32    80.052 53318.05512807 46.48 311.006186  -5.313250 12.425
 32    80.071 53318.05512872 44.61 311.005456  -5.309950 12.425
 32    80.160 53318.05513130 47.53 311.002537  -5.296731 12.672
 32    79.998 53318.05513194 47.52 311.001807  -5.293431 12.672
 32    80.066 53318.05513259 49.71 311.001077  -5.290121 12.672
 33    80.356 53353.05509167 40.73 311.009887  -5.325748  9.700
 33    80.320 53353.05509231 42.37 311.009157  -5.322448  9.700
 33    80.192 53353.05509296 44.45 311.008427  -5.319138  9.700
 33    80.429 53353.05509360 43.47 311.007697  -5.315838  9.700
 33    80.458 53353.05509425 45.03 311.006967  -5.312538  9.700
 33    80.368 53353.05509489 45.43 311.006237  -5.309228  9.700
 33    80.516 53353.05509747 46.81 311.003323  -5.296019 17.110
 33    80.540 53353.05509812 47.55 311.002593  -5.292709 17.110
 33    80.141 53353.05509876 51.54 311.001863  -5.289409 17.110
 34    81.016 53388.05508702 44.03 311.005401  -5.328327  8.907
 34    80.711 53388.05508767 46.15 311.004671  -5.325017  8.907
 34    80.548 53388.05508831 43.44 311.003941  -5.321717  8.907
 34    80.845 53388.05508896 42.51 311.003211  -5.318407  8.907
 34    80.910 53388.05508960 44.07 311.002477  -5.315110 14.221
 34    80.850 53388.05509025 44.55 311.001747  -5.311800 14.221
 34    81.065 53388.05509089 42.53 311.001017  -5.308500 14.221
 34    81.162 53388.05509154 44.11 311.000287  -5.305190 14.221
 34    81.229 53388.05509218 44.43 310.999557  -5.301890 14.221
 34    81.328 53388.05509283 45.42 310.998827  -5.298590 14.221
 34    81.333 53388.05509347 45.44 310.998097  -5.295280 14.221
 34    81.139 53388.05509412 45.29 310.997367  -5.291980 14.221
 35    83.266 53423.05508811 47.71 311.011386  -5.323912  8.260
 35    83.472 53423.05508876 47.59 311.010656  -5.320612  8.260
 35    83.442 53423.05508940 44.55 311.009926  -5.317302  8.260
 35    83.440 53423.05509198 44.31 311.007009  -5.304094 13.920
 35    83.497 53423.05509263 44.67 311.006279  -5.300784 13.920
 35    83.916 53423.05509327 45.95 311.005549  -5.297484 13.920
 35    83.539 53423.05509392 48.22 311.004819  -5.294174 13.920
 35    83.726 53423.05509456 47.38 311.004089  -5.290874 13.920
 35    83.479 53423.05509520 48.50 311.003359  -5.287574 13.920
 36    84.769 53458.05509324 45.91 311.010204  -5.324425  7.881
 36    85.040 53458.05509389 44.65 311.009474  -5.321125  7.881
 36    84.799 53458.05509453 43.99 311.008744  -5.317815  7.881
 36    84.729 53458.05509518 45.48 311.008010  -5.314518 16.492
 36    84.796 53458.05509582 44.30 311.007280  -5.311208 16.492
 36    84.714 53458.05509647 45.02 311.006550  -5.307908 16.492
 36    84.976 53458.05509840 46.95 311.004360  -5.297998 16.492
 36    84.872 53458.05509905 46.27 311.003630  -5.294688 16.492
 36    85.067 53458.05509969 46.65 311.002900  -5.291388 16.492
 36    84.740 53458.05510034 51.55 311.002170  -5.288088 16.492
 37    82.362 53493.05517872 50.78 310.997783  -5.325768 10.389
 37    82.319 53493.05517936 49.52 310.997053  -5.322468 10.389
 37    82.171 53493.05518001 53.16 310.996323  -5.319158 10.389
 37    82.344 53493.05518065 48.98 310.995594  -5.315862 18.970
 37    82.380 53493.05518130 48.77 310.994864  -5.312552 18.970
 37    82.323 53493.05518194 46.84 310.994134  -5.309252 18.970
 37    82.419 53493.05518259 44.91 310.993404  -5.305942 18.970
 37    82.469 53493.05518323 45.59 310.992674  -5.302642 18.970
 37    82.486 53493.05518388 43.19 310.991944  -5.299342 18.970
 38    80.990 53528.05515767 40.76 311.009739  -5.324208  7.532
 38    80.894 53528.05515831 41.33 311.009009  -5.320908  7.532
 38    81.265 53528.05515896 42.44 311.008279  -5.317608  7.532
 38    80.954 53528.05515960 44.64 311.007549  -5.314298  7.532
 38    81.147 53528.05516025 44.82 311.006822  -5.310999 14.971
 38    81.083 53528.05516089 43.99 311.006092  -5.307689 14.971
 38    81.327 53528.05516218 44.77 311.004632  -5.301089 14.971
 38    81.349 53528.05516283 44.63 311.003902  -5.297779 14.971
 38    81.428 53528.05516347 45.68 311.003172  -5.294479 14.971
 38    81.206 53528.05516412 51.37 311.002442  -5.291169 14.971
 38    81.063 53528.05516476 48.98 311.001702  -5.287869 14.971
 39    79.094 53563.05518762 45.66 310.997791  -5.323079 13.295
 39    79.145 53563.05518826 48.22 310.997061  -5.319779 13.295
 39    79.105 53563.05518891 46.44 310.996331  -5.316469 13.295
 39    79.214 53563.05518955 42.61 310.995606  -5.313169 15.527
 39    79.347 53563.05519020 41.83 310.994876  -5.309859 15.527
 39    79.473 53563.05519084 45.03 310.994146  -5.306559 15.527
 39    79.585 53563.05519149 48.20 310.993416  -5.303259 15.527
 39    79.747 53563.05519213 46.21 310.992686  -5.299949 15.527
 40    79.608 53598.05512666 45.90 311.008941  -5.326772  8.814
 40    79.866 53598.05512730 47.12 311.008211  -5.323472  8.814
 40    79.810 53598.05512795 45.42 311.007481  -5.320172  8.814
 40    79.883 53598.05512859 45.60 311.006751  -5.316862  8.814
 40    79.715 53598.05513053 46.05 311.004568  -5.306953 19.189
 40    79.880 53598.05513117 48.22 311.003838  -5.303653 19.189
 40    79.801 53598.05513182 48.35 311.003108  -5.300343 19.189
 40    79.857 53598.05513246 50.93 311.002378  -5.297043 19.189
 40    80.222 53598.05513311 49.83 311.001648  -5.293733 19.189
 40    79.744 53598.05513375 49.52 311.000908  -5.290433 19.189
 41    78.453 53633.05512207 48.89 311.002258  -5.329419 12.729
 41    79.485 53633.05512272 49.54 311.001528  -5.326109 12.729
 41    78.503 53633.05512336 49.39 311.000798  -5.322809 12.729
 41    78.517 53633.05512401 50.43 311.000068  -5.319499 12.729
 41    78.518 53633.05512465 50.18 310.999334  -5.316202 20.822
 41    78.522 53633.05512530 51.18 310.998604  -5.312892 20.822
 41    78.687 53633.05512594 43.98 310.997874  -5.309592 20.822
 41    78.895 53633.05512659 43.18 310.997144  -5.306292 20.822
 41    79.126 53633.05512723 47.08 310.996414  -5.302982 20.822
 41    79.197 53633.05512787 52.41 310.995684  -5.299682 20.822
 41    79.338 53633.05512852 49.82 310.994954  -5.296372 20.822
 42    78.944 53668.05514535 47.40 310.999800  -5.322804 10.959
 42    79.033 53668.05514599 49.42 310.999070  -5.319494 10.959
 42    78.662 53668.05514664 47.19 310.998341  -5.316196 16.109
 42    78.810 53668.05514728 45.13 310.997611  -5.312886 16.109
 42    79.216 53668.05514793 42.66 310.996881  -5.309586 16.109
 42    79.007 53668.05514857 42.10 310.996151  -5.306276 16.109
 42    79.387 53668.05514922 44.65 310.995421  -5.302976 16.109
 42    79.478 53668.05514986 50.92 310.994691  -5.299676 16.109
 42    79.861 53668.05515051 47.94 310.993961  -5.296366 16.109
 43    80.324 53703.05508813 39.93 311.009922  -5.325623  9.436
 43    80.440 53703.05508878 41.21 311.009192  -5.322323  9.436
 43    80.456 53703.05508942 40.68 311.008462  -5.319023  9.436
 43    80.628 53703.05509007 44.50 311.007732  -5.315713  9.436
 43    80.427 53703.05509071 44.13 311.007002  -5.312413  9.436
 43    80.377 53703.05509136 45.37 311.006272  -5.309103  9.436
 43    80.822 53703.05509200 41.22 311.005547  -5.305804 11.041
 43    80.681 53703.05509265 45.62 311.004817  -5.302494 11.041
 44    81.353 53738.05499790 43.87 311.009715  -5.325009 13.018
 44    81.742 53738.05499854 43.32 311.008995  -5.321709 13.018
 44    81.808 53738.05499918 43.47 311.008265  -5.318399 13.018
 44    81.691 53738.05499983 44.78 311.007535  -5.315099 13.018
 44    81.461 53738.05500047 43.82 311.006805  -5.311799 13.018
 44    81.644 53738.05500112 43.91 311.006075  -5.308489 13.018
 44    81.798 53738.05500176 42.90 311.005345  -5.305189 13.018
 45    81.769 53773.05501111 45.10 311.010991  -5.323526 10.380
 45    81.782 53773.05501175 45.17 311.010261  -5.320216 10.380
 45    81.831 53773.05501240 44.54 311.009531  -5.316916 10.380
 45    81.789 53773.05501304 45.22 311.008801  -5.313616 10.380
 45    81.827 53773.05501369 44.43 311.008071  -5.310306 10.380
 45    81.916 53773.05501433 42.84 311.007341  -5.307006 10.380
 46    81.838 53808.05499770 40.41 311.008560  -5.326274 17.530
 46    81.727 53808.05499834 41.43 311.007820  -5.322964 17.530
 46    81.917 53808.05499899 42.09 311.007100  -5.319664 17.530
 46    81.920 53808.05499963 42.90 311.006360  -5.316354 17.530
 46    82.087 53808.05500027 42.45 311.005630  -5.313054 17.530
 46    81.864 53808.05500092 41.38 311.004910  -5.309754 17.530
 46    82.116 53808.05500414 47.21 311.001250  -5.293234 17.530
 46    82.039 53808.05500479 49.37 311.000520  -5.289924 17.530
 48    83.874 53878.05506734 30.79 311.008657  -5.325766  5.187
 48    82.564 53878.05506798 33.18 311.007927  -5.322456  5.187
 48    83.103 53878.05506863 24.96 311.007197  -5.319156  5.187
 48    83.278 53878.05506927 25.08 311.006467  -5.315846  5.187
 48    83.878 53878.05506992 25.73 311.005737  -5.312549  4.935
 48    84.261 53878.05507056 29.58 311.005007  -5.309239  4.935
 48    83.623 53878.05507185 28.02 311.003547  -5.302629  4.935
 48    83.491 53878.05507250 26.47 311.002817  -5.299329  4.935
 48    83.346 53878.05507314 26.07 311.002087  -5.296029  4.935
 48    83.685 53878.05507378 26.31 311.001357  -5.292719  4.935
 48    84.076 53878.05507443 27.37 311.000627  -5.289419  4.935
 49    79.567 53913.05512082 46.76 310.998453  -5.324495 13.195
 49    79.607 53913.05512146 46.32 310.997723  -5.321195 13.195
 49    79.559 53913.05512211 45.68 310.996993  -5.317885 13.195
 49    79.607 53913.05512275 43.09 310.996263  -5.314585 13.195
 49    79.655 53913.05512339 41.47 310.995533  -5.311285 13.195
 49    79.817 53913.05512404 42.28 310.994803  -5.307975 13.195
 49    79.888 53913.05512468 42.85 310.994075  -5.304678 17.263
 49    80.112 53913.05512533 45.59 310.993345  -5.301368 17.263
 49    80.268 53913.05512597 45.50 310.992615  -5.298068 17.263
 51    79.202 53983.05507528 45.38 311.004326  -5.327180 16.422
 51    79.409 53983.05507593 43.57 311.003586  -5.323880 16.422
 51    79.347 53983.05507657 43.33 311.002856  -5.320570 16.422
 51    79.419 53983.05507722 44.84 311.002126  -5.317270 16.422
 51    79.293 53983.05507786 47.56 311.001396  -5.313960 16.422
 51    79.450 53983.05507851 44.08 311.000666  -5.310660 16.422
 51    79.610 53983.05507915 42.42 310.999936  -5.307350 16.422
 51    79.666 53983.05507980 44.36 310.999206  -5.304050 16.422
 51    79.703 53983.05508044 47.56 310.998476  -5.300750 16.422
 51    79.746 53983.05508109 48.50 310.997746  -5.297440 16.422
 51    79.836 53983.05508173 49.07 310.997023  -5.294140 11.487
 52    79.329 54018.05510498 47.57 311.007491  -5.325682 12.735
 52    79.533 54018.05510563 46.19 311.006761  -5.322372 12.735
 52    79.719 54018.05510627 42.47 311.006031  -5.319072 12.735
 52    79.811 54018.05510692 44.31 311.005301  -5.315772 12.735
 52    79.908 54018.05510756 44.63 311.004571  -5.312462 12.735
 52    79.724 54018.05510821 42.19 311.003841  -5.309162 12.735
 52    79.886 54018.05510885 42.92 311.003111  -5.305852 12.735
 52    79.773 54018.05510950 47.74 311.002377  -5.302554 16.084
 52    79.870 54018.05511014 49.34 311.001647  -5.299244 16.084
 52    79.933 54018.05511079 49.24 311.000917  -5.295944 16.084
 52    79.696 54018.05511143 51.60 311.000187  -5.292634 16.084
 52    79.754 54018.05511208 50.13 310.999457  -5.289334 16.084
 53    80.615 54053.05509860 37.76 311.013950  -5.323978 12.228
 53    80.585 54053.05509925 41.60 311.013220  -5.320678 12.228
 53    80.984 54053.05509989 44.29 311.012490  -5.317378 12.228
 53    80.768 54053.05510054 45.08 311.011760  -5.314068 12.228
 53    80.729 54053.05510312 43.22 311.008840  -5.300858 12.228
 53    80.751 54053.05510376 42.59 311.008110  -5.297548 12.228
 53    80.509 54053.05510440 44.12 311.007382  -5.294249 13.853
 53    80.778 54053.05510505 44.43 311.006652  -5.290939 13.853
 53    80.576 54053.05510569 47.61 311.005922  -5.287639 13.853
 53    80.619 54053.05510634 45.35 311.005192  -5.284329 13.853
 54    80.492 54088.05508963 41.49 311.007121  -5.327384 14.500
 54    80.592 54088.05509027 44.10 311.006381  -5.324074 14.500
 54    80.901 54088.05509092 42.82 311.005651  -5.320774 14.500
 54    81.032 54088.05509156 42.60 311.004921  -5.317474 14.500
 54    80.872 54088.05509221 43.00 311.004191  -5.314164 14.500
 54    80.868 54088.05509285 43.35 311.003461  -5.310864 14.500
 54    80.918 54088.05509350 44.31 311.002731  -5.307554 14.500
 54    81.189 54088.05509414 43.34 311.002001  -5.304254 14.500
 54    81.267 54088.05509479 44.40 311.001271  -5.300954 14.500
 54    81.087 54088.05509543 48.23 311.000541  -5.297644 14.500
 54    81.190 54088.05509608 46.23 310.999817  -5.294345 11.308
 54    81.370 54088.05509672 49.95 310.999087  -5.291035 11.308
 55    81.077 54123.05501251 43.01 311.005525  -5.329341 15.489
 55    80.607 54123.05501316 46.64 311.004805  -5.326041 15.489
 55    80.862 54123.05501380 45.35 311.004075  -5.322731 15.489
 55    80.928 54123.05501445 43.34 311.003345  -5.319431 15.489
 55    80.897 54123.05501509 45.11 311.002615  -5.316131 15.489
 55    80.993 54123.05501574 45.35 311.001875  -5.312821 15.489
 55    81.031 54123.05501638 44.06 311.001155  -5.309521 15.489
 55    81.374 54123.05501703 44.49 311.000425  -5.306211 15.489
 55    81.354 54123.05501767 44.87 310.999695  -5.302911 15.489
 55    81.398 54123.05501832 46.13 310.998965  -5.299611 15.489
 55    81.514 54123.05501896 45.30 310.998235  -5.296301 15.489
 55    81.299 54123.05501961 45.55 310.997499  -5.293001  8.696
 56    84.867 54158.05505330 48.11 311.005047  -5.326694 15.608
 56    84.497 54158.05505394 48.06 311.004317  -5.323394 15.608
 56    84.664 54158.05505459 45.72 311.003587  -5.320084 15.608
 56    84.406 54158.05505523 47.77 311.002857  -5.316784 15.608
 56    84.565 54158.05505588 48.54 311.002127  -5.313474 15.608
 56    84.501 54158.05505652 48.80 311.001397  -5.310174 15.608
 56    84.713 54158.05505717 48.61 311.000667  -5.306874 15.608
 56    84.677 54158.05505781 48.89 310.999937  -5.303564 15.608
 56    84.667 54158.05505846 48.69 310.999210  -5.300264 18.066
 56    84.634 54158.05505910 47.30 310.998480  -5.296954 18.066
 56    84.618 54158.05505975 49.91 310.997750  -5.293654 18.066
 58    81.756 54228.05506477 43.42 311.005910  -5.328624  9.326
 58    81.338 54228.05506541 47.69 311.005180  -5.325314  9.326
 58    81.350 54228.05506606 45.84 311.004450  -5.322014  9.326
 58    81.488 54228.05506670 45.51 311.003720  -5.318714  9.326
 58    81.638 54228.05506735 44.90 311.002990  -5.315404  9.326
 58    81.585 54228.05506799 45.35 311.002262  -5.312108 15.073
 58    81.677 54228.05506864 44.38 311.001532  -5.308798 15.073
 58    81.685 54228.05506928 44.84 311.000802  -5.305498 15.073
 58    81.755 54228.05506993 46.01 311.000072  -5.302188 15.073
 58    81.892 54228.05507057 47.65 310.999342  -5.298888 15.073
 58    81.875 54228.05507122 45.45 310.998612  -5.295588 15.073
 58    82.072 54228.05507186 46.20 310.997882  -5.292278 15.073
 59    79.897 54263.05508443 42.71 311.006169  -5.326496  9.092
 59    79.636 54263.05508508 42.24 311.005439  -5.323196  9.092
 59    79.914 54263.05508572 42.42 311.004709  -5.319896  9.092
 59    79.931 54263.05508637 44.01 311.003979  -5.316586  9.092
 59    80.032 54263.05508701 44.85 311.003250  -5.313287 18.438
 59    80.291 54263.05508766 42.89 311.002520  -5.309977 18.438
 59    80.345 54263.05508830 41.03 311.001790  -5.306677 18.438
 59    80.437 54263.05508894 44.58 311.001060  -5.303367 18.438
 59    80.391 54263.05508959 46.32 311.000330  -5.300067 18.438
 59    80.493 54263.05509023 46.57 310.999600  -5.296767 18.438
 59    80.370 54263.05509088 46.81 310.998870  -5.293457 18.438
 60    79.052 54298.05508913 48.69 311.006393  -5.326588 11.037
 60    79.619 54298.05508978 43.86 311.005663  -5.323278 11.037
 60    79.736 54298.05509042 40.84 311.004933  -5.319978 11.037
 60    79.849 54298.05509107 44.96 311.004203  -5.316678 11.037
 60    79.708 54298.05509171 45.28 311.003473  -5.313368 11.037
 60    79.775 54298.05509236 43.22 311.002747  -5.310069 19.339
 60    79.646 54298.05509300 43.83 311.002017  -5.306759 19.339
 60    79.859 54298.05509365 45.05 311.001287  -5.303459 19.339
 60    79.994 54298.05509429 47.69 311.000557  -5.300159 19.339
 60    79.860 54298.05509494 47.79 310.999827  -5.296849 19.339
 60    79.787 54298.05509558 48.66 310.999097  -5.293549 19.339
 60    80.515 54298.05509623 45.26 310.998367  -5.290239 19.339
 61    79.165 54333.05507827 44.70 311.007396  -5.328447 11.551
 61    79.139 54333.05507891 46.31 311.006666  -5.325147 11.551
 61    79.488 54333.05507956 43.15 311.005936  -5.321847 11.551
 61    79.536 54333.05508020 44.50 311.005206  -5.318537 11.551
 61    79.387 54333.05508085 46.95 311.004476  -5.315237 11.551
 61    79.407 54333.05508149 44.30 311.003746  -5.311927 11.551
 61    79.376 54333.05508213 42.88 311.003022  -5.308629 19.216
 61    79.541 54333.05508278 44.77 311.002292  -5.305319 19.216
 61    79.702 54333.05508342 46.38 311.001562  -5.302019 19.216
 61    79.601 54333.05508407 49.46 311.000832  -5.298719 19.216
 61    79.830 54333.05508471 48.15 311.000092  -5.295409 19.216
 61    79.763 54333.05508536 50.53 310.999372  -5.292109 19.216
 63    79.826 54403.05502199 43.06 311.006124  -5.325568 13.218
 63    79.776 54403.05502264 42.02 311.005394  -5.322258 13.218
 63    79.786 54403.05502328 41.21 311.004664  -5.318958 13.218
 63    79.341 54403.05502393 47.31 311.003934  -5.315648 13.218
 63    79.775 54403.05502457 45.14 311.003204  -5.312348 13.218
 63    79.652 54403.05502522 44.18 311.002474  -5.309048 13.218
 63    79.819 54403.05502586 43.18 311.001744  -5.305738 13.218
 63    79.767 54403.05502651 44.14 311.001018  -5.302438 13.083
 63    79.822 54403.05502715 48.00 311.000288  -5.299128 13.083
 63    79.859 54403.05502779 48.38 310.999558  -5.295828 13.083
 63    79.974 54403.05502844 48.07 310.998828  -5.292528 13.083
 65    80.491 54473.05500735 41.20 311.008369  -5.326833 10.509
 65    80.320 54473.05500800 42.49 311.007639  -5.323523 10.509
 65    80.344 54473.05500864 40.98 311.006909  -5.320223 10.509
 65    80.789 54473.05500929 41.81 311.006179  -5.316913 10.509
 65    80.603 54473.05500993 42.17 311.005449  -5.313613 10.509
 65    80.609 54473.05501058 42.21 311.004719  -5.310313 10.509
 65    80.718 54473.05501122 42.83 311.003989  -5.307003 10.509
 65    80.917 54473.05501445 48.53 311.000339  -5.290485 15.983
 66    81.555 54508.05498939 44.45 311.005885  -5.327150  9.265
 66    81.500 54508.05499004 44.62 311.005155  -5.323840  9.265
 66    81.385 54508.05499068 45.09 311.004435  -5.320540  9.265
 66    81.306 54508.05499133 44.29 311.003695  -5.317240  9.265
 66    81.521 54508.05499197 43.79 311.002975  -5.313930  9.265
 66    81.506 54508.05499262 44.90 311.002235  -5.310631 13.859
 66    81.700 54508.05499326 44.44 311.001515  -5.307321 13.859
 66    81.608 54508.05499391 44.66 311.000775  -5.304021 13.859
 66    81.837 54508.05499455 45.28 311.000055  -5.300721 13.859
 66    81.802 54508.05499520 43.39 310.999325  -5.297411 13.859
 66    81.459 54508.05499584 40.81 310.998595  -5.294111 13.859
 66    81.645 54508.05499649 37.52 310.997865  -5.290801 13.859
 67    83.062 54543.05502171 43.80 311.007187  -5.326819  7.333
 67    82.893 54543.05502236 44.72 311.006457  -5.323509  7.333
 67    82.606 54543.05502300 45.49 311.005730  -5.320211 15.617
 67    82.900 54543.05502365 45.32 311.005000  -5.316901 15.617
 67    83.033 54543.05502429 45.07 311.004270  -5.313601 15.617
 67    83.149 54543.05502493 44.99 311.003540  -5.310301 15.617
 67    82.941 54543.05502558 46.18 311.002810  -5.306991 15.617
 67    83.184 54543.05502622 46.92 311.002080  -5.303691 15.617
 67    83.342 54543.05502751 48.12 311.000620  -5.297081 15.617
 67    83.546 54543.05502816 46.80 310.999890  -5.293781 15.617
 67    83.198 54543.05502880 45.78 310.999150  -5.290471 15.617
 68    83.254 54578.05499186 45.28 311.005734  -5.329032  7.769
 68    82.954 54578.05499251 47.07 311.005004  -5.325732  7.769
 68    82.877 54578.05499315 47.64 311.004274  -5.322422  7.769
 68    82.889 54578.05499380 46.67 311.003543  -5.319124 14.448
 68    82.928 54578.05499444 45.62 311.002823  -5.315814 14.448
 68    83.044 54578.05499509 46.99 311.002083  -5.312514 14.448
 68    83.074 54578.05499573 46.74 311.001363  -5.309214 14.448
 68    83.244 54578.05499638 45.80 311.000633  -5.305904 14.448
 68    83.263 54578.05499702 46.75 310.999903  -5.302604 14.448
 68    83.344 54578.05499766 47.84 310.999173  -5.299294 14.448
 68    83.446 54578.05499831 45.78 310.998433  -5.295994 14.448
 68    83.479 54578.05499895 44.61 310.997713  -5.292694 14.448
 69    81.330 54613.05501271 42.53 311.007145  -5.328466  6.980
 69    81.070 54613.05501335 45.23 311.006415  -5.325156  6.980
 69    81.450 54613.05501400 44.42 311.005688  -5.321856 15.127
 69    81.187 54613.05501464 45.24 311.004958  -5.318546 15.127
 69    81.411 54613.05501529 44.76 311.004228  -5.315246 15.127
 69    81.449 54613.05501593 44.21 311.003498  -5.311946 15.127
 69    81.539 54613.05501658 44.63 311.002768  -5.308636 15.127
 69    81.601 54613.05501722 45.72 311.002038  -5.305336 15.127
 69    81.643 54613.05501787 44.93 311.001308  -5.302026 15.127
 69    81.545 54613.05501851 46.13 311.000578  -5.298726 15.127
 69    81.866 54613.05501916 47.24 310.999848  -5.295426 15.127
 69    82.142 54613.05501980 48.78 310.999108  -5.292116 15.127
 70    79.662 54648.05501946 46.22 311.005556  -5.327034  8.270
 70    79.514 54648.05502010 44.99 311.004826  -5.323724  8.270
 70    79.786 54648.05502075 40.82 311.004098  -5.320426 17.053
 70    80.048 54648.05502139 42.34 311.003368  -5.317116 17.053
 70    79.944 54648.05502204 45.10 311.002638  -5.313816 17.053
 70    79.913 54648.05502268 42.02 311.001908  -5.310516 17.053
 70    80.105 54648.05502333 43.15 311.001178  -5.307206 17.053
 70    80.290 54648.05502397 42.80 311.000448  -5.303906 17.053
 70    80.382 54648.05502462 45.71 310.999718  -5.300596 17.053
 70    80.469 54648.05502526 45.43 310.998988  -5.297296 17.053
 70    80.264 54648.05502591 45.61 310.998258  -5.293996 17.053
 71    79.080 54683.05502020 46.86 311.005482  -5.325911  7.709
 71    79.090 54683.05502084 45.31 311.004752  -5.322601  7.709
 71    79.577 54683.05502149 41.89 311.004027  -5.319303 17.838
 71    79.451 54683.05502213 47.30 311.003297  -5.315993 17.838
 71    79.575 54683.05502278 45.01 311.002567  -5.312693 17.838
 71    79.773 54683.05502342 42.00 311.001837  -5.309383 17.838
 71    79.762 54683.05502407 43.58 311.001107  -5.306083 17.838
 71    80.050 54683.05502471 45.49 311.000377  -5.302783 17.838
 71    80.121 54683.05502536 45.77 310.999647  -5.299473 17.838
 71    79.908 54683.05502600 46.42 310.998907  -5.296173 17.838
 71    79.794 54683.05502664 48.88 310.998187  -5.292873 17.838
 72    79.275 54718.05496750 45.68 311.006214  -5.327343  9.137
 72    79.029 54718.05496815 47.51 311.005484  -5.324043  9.137
 72    79.524 54718.05496879 42.81 311.004754  -5.320733  9.137
 72    79.672 54718.05496944 43.69 311.004023  -5.317433 17.821
 72    79.453 54718.05497008 45.30 311.003293  -5.314123 17.821
 72    79.244 54718.05497073 43.28 311.002563  -5.310823 17.821
 72    79.396 54718.05497137 44.05 311.001833  -5.307523 17.821
 72    79.461 54718.05497201 44.37 311.001103  -5.304213 17.821
 72    79.796 54718.05497266 45.79 311.000383  -5.300913 17.821
 72    79.517 54718.05497330 46.51 310.999643  -5.297603 17.821
 72    79.807 54718.05497395 46.80 310.998913  -5.294303 17.821
 72    79.565 54718.05497459 46.95 310.998183  -5.291003 17.821
 73    79.281 54753.05499252 44.79 311.006067  -5.327708  7.428
 73    79.431 54753.05499316 45.05 311.005337  -5.324398  7.428
 73    79.310 54753.05499380 43.34 311.004607  -5.321099 16.735
 73    79.462 54753.05499445 43.62 311.003877  -5.317789 16.735
 73    79.378 54753.05499509 45.78 311.003147  -5.314489 16.735
 73    79.181 54753.05499574 43.58 311.002417  -5.311189 16.735
 73    79.519 54753.05499638 44.35 311.001687  -5.307879 16.735
 73    79.812 54753.05499703 42.58 311.000957  -5.304579 16.735
 73    79.851 54753.05499767 44.50 311.000227  -5.301269 16.735
 73    79.752 54753.05499832 47.13 310.999497  -5.297969 16.735
 73    79.952 54753.05499896 47.12 310.998767  -5.294669 16.735
 73    80.130 54753.05499961 47.69 310.998037  -5.291359 16.735
 74    79.551 54788.05495743 44.72 311.005446  -5.327043  8.869
 74    79.162 54788.05495807 46.12 311.004716  -5.323743  8.869
 74    79.559 54788.05495871 41.67 311.003986  -5.320433  8.869
 74    79.556 54788.05495936 43.56 311.003264  -5.317135 15.300
 74    79.717 54788.05496000 45.42 311.002534  -5.313825 15.300
 74    79.632 54788.05496065 43.24 311.001804  -5.310525 15.300
 74    79.862 54788.05496129 42.95 311.001074  -5.307225 15.300
 74    79.964 54788.05496194 44.46 311.000344  -5.303915 15.300
 74    79.960 54788.05496258 48.83 310.999614  -5.300615 15.300
 74    80.219 54788.05496323 45.26 310.998884  -5.297305 15.300
 74    80.284 54788.05496387 46.31 310.998154  -5.294005 15.300
 75    80.683 54823.05498684 40.51 311.007288  -5.328576  7.059
 75    80.703 54823.05498749 40.31 311.006558  -5.325266  7.059
 75    80.595 54823.05498813 41.13 311.005827  -5.321969 13.912
 75    80.642 54823.05498878 42.07 311.005097  -5.318659 13.912
 75    80.846 54823.05498942 42.48 311.004367  -5.315359 13.912
 75    81.012 54823.05499007 43.05 311.003637  -5.312049 13.912
 75    80.729 54823.05499071 43.13 311.002907  -5.308749 13.912
 75    81.096 54823.05499136 43.04 311.002177  -5.305449 13.912
 75    81.083 54823.05499200 45.48 311.001447  -5.302139 13.912
 76    81.034 54858.05495367 45.55 311.006562  -5.328055  7.775
 76    81.156 54858.05495431 43.22 311.005832  -5.324755  7.775
 76    81.207 54858.05495496 44.91 311.005102  -5.321445  7.775
 76    81.269 54858.05495560 42.16 311.004379  -5.318145 12.633
 76    81.441 54858.05495625 44.98 311.003649  -5.314835 12.633
 76    81.616 54858.05495689 42.47 311.002919  -5.311535 12.633
 76    81.551 54858.05495754 43.61 311.002189  -5.308235 12.633
 76    81.802 54858.05495818 44.42 311.001459  -5.304925 12.633
 76    81.652 54858.05495883 44.63 311.000729  -5.301625 12.633
 77    82.407 54893.05498940 45.39 311.004584  -5.327056  7.273
 77    82.579 54893.05499005 45.74 311.003854  -5.323746  7.273
 77    82.537 54893.05499069 43.48 311.003128  -5.320448 13.278
 77    82.346 54893.05499134 44.90 311.002398  -5.317138 13.278
 77    82.527 54893.05499198 46.33 311.001668  -5.313838 13.278
 77    82.596 54893.05499263 44.78 311.000938  -5.310528 13.278
 77    82.523 54893.05499327 45.33 311.000208  -5.307228 13.278
 77    82.559 54893.05499391 44.72 310.999478  -5.303928 13.278
 77    82.888 54893.05499456 44.30 310.998748  -5.300618 13.278
 77    82.809 54893.05499520 46.59 310.998018  -5.297318 13.278
 77    82.787 54893.05499585 44.86 310.997288  -5.294018 13.278
 78    82.339 54928.05495126 49.47 311.003906  -5.327421  8.941
 78    82.347 54928.05495191 49.58 311.003176  -5.324121  8.941
 78    82.379 54928.05495255 47.71 311.002456  -5.320811  8.941
 78    82.282 54928.05495320 49.65 311.001717  -5.317514 14.863
 78    82.529 54928.05495384 46.60 311.000987  -5.314204 14.863
 78    82.524 54928.05495448 46.96 311.000257  -5.310904 14.863
 78    82.523 54928.05495513 46.70 310.999527  -5.307594 14.863
 78    82.620 54928.05495577 46.05 310.998797  -5.304294 14.863
 78    82.872 54928.05495642 44.96 310.998067  -5.300994 14.863
 78    83.017 54928.05495706 44.39 310.997337  -5.297684 14.863
 78    82.825 54928.05495771 45.69 310.996607  -5.294384 14.863
 80    81.065 54998.05500971 43.17 311.003920  -5.329719  7.459
 80    81.065 54998.05501036 44.54 311.003190  -5.326409  7.459
 80    80.751 54998.05501100 48.20 311.002462  -5.323110 18.727
 80    80.795 54998.05501165 46.50 311.001732  -5.319800 18.727
 80    80.874 54998.05501229 44.43 311.001002  -5.316500 18.727
 80    80.998 54998.05501294 45.46 311.000272  -5.313200 18.727
 80    80.975 54998.05501358 44.00 310.999542  -5.309890 18.727
 80    81.251 54998.05501422 42.84 310.998812  -5.306590 18.727
 80    81.437 54998.05501487 44.40 310.998082  -5.303280 18.727
 80    81.486 54998.05501551 45.74 310.997352  -5.299980 18.727
 80    81.394 54998.05501616 45.72 310.996622  -5.296680 18.727
 80    81.363 54998.05501680 45.00 310.995882  -5.293370 18.727
 82    79.205 55068.05498800 45.92 311.006031  -5.325851  9.011
 82    78.983 55068.05498865 47.16 311.005301  -5.322541  9.011
 82    79.582 55068.05498929 42.34 311.004577  -5.319242 17.779
 82    79.712 55068.05498994 45.12 311.003847  -5.315932 17.779
 82    79.322 55068.05499058 46.61 311.003117  -5.312632 17.779
 82    79.610 55068.05499123 43.49 311.002387  -5.309332 17.779
 82    79.734 55068.05499187 42.89 311.001657  -5.306022 17.779
 82    79.939 55068.05499252 44.46 311.000927  -5.302722 17.779
 82    79.800 55068.05499316 47.25 311.000187  -5.299412 17.779
 82    79.815 55068.05499380 47.71 310.999457  -5.296112 17.779
 82    80.235 55068.05499445 47.89 310.998727  -5.292812 17.779
 83    78.884 55103.05492629 47.35 311.003819  -5.327232  9.406
 83    78.992 55103.05492694 48.47 311.003089  -5.323932  9.406
 83    79.170 55103.05492758 44.07 311.002359  -5.320622  9.406
 83    79.119 55103.05492823 44.38 311.001619  -5.317321 18.440
 83    79.163 55103.05492887 48.83 311.000889  -5.314011 18.440
 83    79.335 55103.05492952 45.31 311.000159  -5.310711 18.440
 83    79.378 55103.05493016 41.37 310.999439  -5.307411 18.440
 83    79.477 55103.05493080 42.63 310.998699  -5.304101 18.440
 83    79.589 55103.05493145 46.49 310.997979  -5.300801 18.440
 83    79.550 55103.05493209 46.90 310.997239  -5.297501 18.440
 83    79.594 55103.05493274 48.94 310.996509  -5.294191 18.440
 84    78.965 55138.05493408 45.97 311.006310  -5.326504  8.647
 84    79.617 55138.05493473 43.90 311.005580  -5.323194  8.647
 84    79.728 55138.05493537 41.28 311.004852  -5.319896 16.138
 84    80.011 55138.05493602 41.79 311.004122  -5.316586 16.138
 84    79.837 55138.05493666 42.71 311.003392  -5.313286 16.138
 84    80.134 55138.05493731 43.36 311.002662  -5.309976 16.138
 84    80.138 55138.05493795 43.43 311.001932  -5.306676 16.138
 84    80.171 55138.05493859 44.36 311.001202  -5.303376 16.138
 84    80.201 55138.05493924 45.94 311.000472  -5.300066 16.138
 84    80.214 55138.05493988 45.60 310.999742  -5.296766 16.138
 84    80.157 55138.05494053 47.49 310.999012  -5.293466 16.138
 85    80.597 55173.05489506 42.92 311.005737  -5.327246  7.999
 85    80.305 55173.05489571 43.27 311.005007  -5.323946  7.999
 85    80.517 55173.05489635 42.50 311.004277  -5.320636  7.999
 85    80.487 55173.05489700 42.32 311.003555  -5.317339 12.542
 85    80.604 55173.05489764 45.01 311.002825  -5.314029 12.542
 85    80.688 55173.05489829 42.93 311.002095  -5.310729 12.542
 85    80.950 55173.05489893 42.64 311.001365  -5.307429 12.542
 85    80.985 55173.05489958 42.46 311.000635  -5.304119 12.542
 85    81.013 55173.05490022 44.17 310.999905  -5.300819 12.542
 85    80.948 55173.05490087 45.18 310.999175  -5.297509 12.542
 85    81.169 55173.05490151 45.90 310.998435  -5.294209 12.542
 86    82.274 55208.05492859 44.64 311.006586  -5.328681  7.605
 86    81.952 55208.05492923 48.94 311.005856  -5.325371  7.605
 86    82.176 55208.05492988 45.08 311.005126  -5.322072 16.852
 86    82.145 55208.05493052 45.31 311.004396  -5.318762 16.852
 86    82.211 55208.05493117 45.33 311.003666  -5.315462 16.852
 86    82.381 55208.05493181 45.69 311.002936  -5.312162 16.852
 86    82.488 55208.05493246 45.37 311.002206  -5.308852 16.852
 86    82.390 55208.05493310 46.12 311.001476  -5.305552 16.852
 86    82.261 55208.05493375 46.74 311.000746  -5.302242 16.852
 86    82.353 55208.05493439 48.13 311.000016  -5.298942 16.852
 86    82.433 55208.05493503 48.32 310.999286  -5.295642 16.852
 86    82.497 55208.05493568 48.62 310.998546  -5.292332 16.852
 87    82.513 55243.05489893 44.15 311.005151  -5.329504  8.669
 87    82.272 55243.05489957 48.21 311.004421  -5.326204  8.669
 87    82.154 55243.05490022 48.09 311.003691  -5.322904  8.669
 87    82.257 55243.05490086 47.19 311.002961  -5.319594  8.669
 87    82.423 55243.05490150 45.70 311.002231  -5.316295 15.567
 87    82.374 55243.05490215 47.13 311.001501  -5.312985 15.567
 87    82.580 55243.05490279 45.10 311.000771  -5.309685 15.567
 87    82.462 55243.05490344 45.42 311.000041  -5.306375 15.567
 87    82.431 55243.05490408 44.57 310.999311  -5.303075 15.567
 87    82.587 55243.05490473 46.83 310.998581  -5.299775 15.567
 87    82.604 55243.05490537 44.89 310.997851  -5.296465 15.567
 87    82.686 55243.05490602 46.45 310.997121  -5.293165 15.567
 88    82.234 55278.05492243 48.84 311.005182  -5.326012  7.929
 88    82.275 55278.05492307 47.57 311.004452  -5.322702  7.929
 88    82.258 55278.05492372 46.70 311.003727  -5.319406 15.215
 88    82.561 55278.05492436 45.74 311.002997  -5.316096 15.215
 88    82.436 55278.05492501 46.52 311.002267  -5.312796 15.215
 88    82.475 55278.05492565 44.84 311.001537  -5.309486 15.215
 88    82.474 55278.05492630 46.15 311.000807  -5.306186 15.215
 88    82.440 55278.05492694 44.86 311.000077  -5.302886 15.215
 88    82.592 55278.05492759 46.01 310.999347  -5.299576 15.215
 88    82.746 55278.05492823 45.76 310.998607  -5.296276 15.215
 88    82.676 55278.05492888 43.81 310.997887  -5.292966 15.215
 89    82.281 55313.05488545 49.61 311.005648  -5.328273  8.139
 89    82.261 55313.05488609 48.71 311.004918  -5.324973  8.139
 89    82.304 55313.05488674 47.82 311.004188  -5.321663  8.139
 89    82.319 55313.05488738 47.14 311.003466  -5.318365 16.723
 89    82.349 55313.05488803 46.71 311.002736  -5.315055 16.723
 89    82.468 55313.05488867 46.89 311.002006  -5.311755 16.723
 89    82.553 55313.05488931 45.54 311.001276  -5.308455 16.723
 89    82.465 55313.05488996 47.04 311.000546  -5.305145 16.723
 89    82.619 55313.05489060 47.22 310.999816  -5.301845 16.723
 89    82.491 55313.05489125 50.37 310.999086  -5.298535 16.723
 89    82.812 55313.05489189 46.53 310.998356  -5.295235 16.723
 89    83.011 55313.05489254 46.05 310.997626  -5.291935 16.723
 90    79.519 55348.05489355 45.65 311.006146  -5.325835  7.848
 90    80.257 55348.05489420 41.79 311.005420  -5.322536 16.738
 90    80.309 55348.05489484 41.95 311.004690  -5.319226 16.738
 90    80.460 55348.05489549 41.82 311.003960  -5.315926 16.738
 90    80.727 55348.05489613 43.06 311.003230  -5.312626 16.738
 90    80.595 55348.05489678 43.39 311.002500  -5.309316 16.738
 90    80.893 55348.05489742 42.48 311.001770  -5.306016 16.738
 90    80.784 55348.05489807 45.12 311.001040  -5.302706 16.738
 90    80.797 55348.05489871 47.60 311.000300  -5.299406 16.738
 90    81.040 55348.05489935 46.96 310.999580  -5.296106 16.738
 90    81.379 55348.05490000 45.38 310.998840  -5.292796 16.738
 91    79.715 55383.05488351 43.23 311.005268  -5.326214  8.420
 91    79.357 55383.05488416 43.93 311.004538  -5.322904  8.420
 91    79.718 55383.05488480 41.33 311.003814  -5.319606 18.837
 91    79.757 55383.05488545 44.33 311.003084  -5.316296 18.837
 91    79.560 55383.05488609 45.62 311.002354  -5.312996 18.837
 91    79.897 55383.05488673 44.32 311.001624  -5.309696 18.837
 91    80.014 55383.05488738 42.51 311.000894  -5.306386 18.837
 91    79.846 55383.05488802 42.59 311.000164  -5.303086 18.837
 91    79.978 55383.05488867 43.05 310.999424  -5.299776 18.837
 91    80.051 55383.05488931 43.30 310.998694  -5.296476 18.837
 91    80.062 55383.05488996 46.41 310.997974  -5.293176 18.837
 92    79.478 55418.05491176 47.08 311.007090  -5.328495  7.650
 92    79.324 55418.05491241 45.62 311.006360  -5.325185  7.650
 92    79.425 55418.05491305 43.64 311.005630  -5.321888 19.124
 92    79.638 55418.05491370 43.35 311.004900  -5.318578 19.124
 92    79.334 55418.05491434 48.24 311.004170  -5.315278 19.124
 92    79.460 55418.05491499 44.96 311.003440  -5.311978 19.124
 92    79.605 55418.05491563 43.74 311.002710  -5.308668 19.124
 92    79.549 55418.05491627 45.28 311.001980  -5.305368 19.124
 92    79.549 55418.05491692 47.47 311.001250  -5.302058 19.124
 92    79.594 55418.05491756 48.06 311.000520  -5.298758 19.124
 92    79.782 55418.05491821 47.00 310.999790  -5.295458 19.124
 92    79.800 55418.05491885 49.58 310.999050  -5.292148 19.124
 93    79.056 55453.05489258 42.84 311.006711  -5.328768  8.728
 93    79.084 55453.05489322 44.98 311.005981  -5.325468  8.728
 93    79.189 55453.05489387 46.88 311.005251  -5.322158  8.728
 93    79.309 55453.05489451 45.61 311.004527  -5.318858 21.210
 93    79.032 55453.05489516 47.66 311.003797  -5.315548 21.210
 93    79.222 55453.05489580 44.93 311.003067  -5.312248 21.210
 93    79.255 55453.05489645 45.77 311.002337  -5.308948 21.210
 93    79.335 55453.05489709 43.76 311.001607  -5.305638 21.210
 93    79.327 55453.05489774 43.77 311.000877  -5.302338 21.210
 93    79.379 55453.05489838 46.84 311.000147  -5.299028 21.210
 93    79.362 55453.05489903 48.57 310.999417  -5.295728 21.210
 93    79.513 55453.05489967 50.64 310.998687  -5.292428 21.210
 94    78.975 55488.05481387 42.82 311.006800  -5.327248  9.823
 94    79.354 55488.05481452 41.61 311.006060  -5.323938  9.823
 94    79.478 55488.05481516 40.23 311.005340  -5.320638  9.823
 94    79.631 55488.05481581 43.06 311.004600  -5.317338  9.823
 94    79.675 55488.05481645 42.76 311.003880  -5.314028  9.823
 94    79.477 55488.05481710 43.08 311.003141  -5.310728 15.820
 94    79.377 55488.05481774 43.21 311.002411  -5.307418 15.820
 94    79.651 55488.05481838 42.72 311.001681  -5.304118 15.820
 94    79.571 55488.05481903 45.79 311.000951  -5.300818 15.820
 94    79.789 55488.05481967 45.84 311.000221  -5.297508 15.820
 94    79.633 55488.05482032 45.34 310.999491  -5.294208 15.820
 94    79.594 55488.05482096 48.14 310.998771  -5.290898 15.820
