-276977.316   132.831     0.00    6.47
-276601.258   131.708    -2.99    6.26
-276225.205   131.157    -1.47    5.98
-275849.156   134.087     7.79    8.35
-275473.111   138.032    10.49    8.14
-275097.069   143.454    14.42    7.38
-274721.032   145.420     5.23    7.68
-274344.999   147.326     5.07    7.50
-273968.970   147.627     0.80    7.78
-273592.945   143.612   -10.68    9.99
-273216.925   136.710   -18.36   12.14
-272840.908   130.681   -16.03   11.41
-272464.895   124.816   -15.60    8.75
-272088.886   120.484   -11.52    6.75
-271712.882   117.993    -6.63    8.07
-271336.881   115.660    -6.21    7.91
-270960.884   117.276     4.30    9.27
-270584.892   125.195    21.06   14.89
-270208.903   136.113    29.04   15.89
-269832.919   143.736    20.27   11.59
-269456.939   144.712     2.60    9.79
-269080.962   139.330   -14.32   12.29
-268704.990   130.121   -24.49   12.25
-268329.022   120.815   -24.75    8.33
-267953.057   115.737   -13.51    6.65
-267577.097   112.843    -7.70    5.95
-267201.141   110.862    -5.27    6.18
-266825.189   108.499    -6.29    6.13
-266449.241   106.411    -5.55    6.15
-266073.296   103.843    -6.83    6.40
-265697.356   101.957    -5.02    5.96
-265321.420   102.147     0.51    6.56
-264945.488   103.916     4.71    7.00
-264569.560   107.005     8.22    5.28
-264193.636   108.627     4.31    3.91
-263817.716   109.068     1.17    4.30
-263441.800   112.867    10.11    6.14
-263065.888   113.987     2.98    5.81
-262689.980   114.735     1.99    6.44
-262314.076   113.634    -2.93    8.29
-261938.176   112.157    -3.93    9.60
-261562.280   113.288     3.01   10.39
-261186.388   116.168     7.66    9.33
-260810.500   118.687     6.70    7.37
-260434.616   120.303     4.30    5.47
-260058.736   119.032    -3.38    6.44
-259682.860   115.276   -10.00    7.98
-259306.988   109.290   -15.93    7.53
-258931.119   105.608    -9.80    5.49
-258555.255   102.839    -7.37    6.78
-258179.395   100.276    -6.82    8.01
-257803.539    95.519   -12.66    8.66
-257427.687    90.734   -12.73    7.37
-257051.839    87.367    -8.96    3.91
-256675.995    86.762    -1.61    3.54
-256300.154    87.654     2.37    5.27
-255924.318    88.967     3.49    7.42
-255548.486    89.473     1.34    7.61
-255172.657    87.711    -4.69    6.84
-254796.833    85.762    -5.19    6.31
-254421.013    87.062     3.46    8.56
-254045.196    87.465     1.07    9.26
-253669.384    89.249     4.75   10.33
-253293.575    89.789     1.44   10.00
-252917.771    93.401     9.61   10.41
-252541.970    96.865     9.22   10.14
-252166.174   100.301     9.14    8.23
-251790.381   103.249     7.85    3.39
-251414.592   102.681    -1.51    3.17
-251038.807   100.818    -4.96    3.98
-250663.027    98.183    -7.01    5.96
-250287.250    94.982    -8.52    7.15
-249911.477    92.330    -7.06    8.55
-249535.708    90.506    -4.85    9.41
-249159.943    88.531    -5.25   11.06
-248784.181    86.172    -6.28   11.34
-248408.424    83.894    -6.06   10.87
-248032.671    81.378    -6.70    8.75
-247656.922    78.897    -6.60    8.07
-247281.176    78.870    -0.07    7.55
-246905.435    78.394    -1.27    8.32
-246529.697    75.575    -7.50    7.04
-246153.964    71.711   -10.28    8.32
-245778.234    68.210    -9.32    8.06
-245402.508    66.330    -5.00    6.63
-245026.786    65.735    -1.58    4.56
-244651.068    68.095     6.28    4.38
-244275.354    70.262     5.77    3.60
-243899.644    70.562     0.80    3.35
-243523.938    71.330     2.04    3.47
-243148.236    71.454     0.33    3.17
-242772.537    71.583     0.34    2.34
-242396.843    72.813     3.28    2.33
-242021.152    74.276     3.89    3.46
-241645.466    76.660     6.35    4.02
-241269.385    78.600     5.16    3.46
-240892.925    80.025     3.79    2.97
-240516.468    80.946     2.45    3.08
-240140.016    81.856     2.42    3.51
-239763.568    83.993     5.68    4.47
-239387.123    85.288     3.44    4.20
-239010.683    87.113     4.85    4.47
-238634.246    89.573     6.53    4.76
-238257.813    92.762     8.47    5.57
-237881.384    97.301    12.06    6.13
-237504.959   100.689     9.00    5.94
-237128.538   104.113     9.10    4.84
-236752.121   105.685     4.18    3.90
-236375.708   106.262     1.53    4.50
-235999.298   105.506    -2.01    5.16
-235622.893   104.736    -2.05    5.62
-235246.491   104.172    -1.50    4.47
-234870.093   104.141    -0.08    3.90
-234493.699   103.222    -2.44    3.75
-234117.309   101.429    -4.76    4.62
-233740.923    99.276    -5.72    3.73
-233364.541    99.711     1.15    4.57
-232988.163    99.608    -0.27    4.55
-232611.788    99.249    -0.96    4.75
-232235.418    96.249    -7.97    5.05
-231859.051    93.151    -8.23    3.62
-231482.688    91.890    -3.35    2.76
-231106.329    91.323    -1.51    2.54
-230729.974    91.573     0.66    2.40
-230353.623    92.262     1.83    2.58
-229977.275    93.841     4.20    3.27
-229600.932    95.631     4.76    4.13
-229224.592    98.681     8.11    4.87
-228848.256   101.787     8.25    5.32
-228471.924   104.411     6.97    4.42
-228095.596   106.843     6.46    3.71
-227719.272   108.131     3.42    3.34
-227342.952   106.929    -3.19    4.10
-226966.635   105.890    -2.76    4.99
-226590.323   103.480    -6.41    5.15
-226214.014   102.113    -3.63    4.14
-225837.709   101.276    -2.23    3.77
-225461.408   101.897     1.65    4.24
-225085.110   104.480     6.86    5.67
-224708.817   107.396     7.75    6.72
-224332.527   111.005     9.59    6.58
-223956.241   114.637     9.65    5.49
-223579.959   118.025     9.00    5.10
-223203.681   122.341    11.47    5.81
-222827.407   128.924    17.50   10.37
-222451.136   138.275    24.85   14.30
-222074.870   146.394    21.58   14.81
-221698.607   154.984    22.83   12.52
-221322.348   162.198    19.17   15.14
-220946.093   164.318     5.63   14.22
-220569.841   161.557    -7.34   15.07
-220193.594   159.095    -6.54   15.30
-219817.350   158.929    -0.44   13.10
-219441.110   166.438    19.96   15.07
-219064.874   175.113    23.06   10.90
-218688.642   178.480     8.95    6.84
-218312.413   177.462    -2.71    7.34
-217936.188   173.600   -10.27    9.99
-217559.968   163.737   -26.22   11.26
-217183.750   154.657   -24.14   11.17
-216807.537   146.762   -20.99    9.00
-216431.328   139.867   -18.33    6.57
-216055.122   135.378   -11.94    6.93
-215678.920   131.070   -11.45    7.73
-215302.722   128.068    -7.98    6.32
-214926.528   128.019    -0.13    6.55
-214550.337   130.492     6.58    7.24
-214174.150   133.237     7.30    6.25
-213797.967   135.506     6.03    4.95
-213421.788   136.818     3.49    5.19
-213045.613   137.276     1.22    4.95
-212669.441   136.929    -0.92    5.19
-212293.273   134.999    -5.13    5.59
-211917.109   133.480    -4.04    6.32
-211540.949   131.627    -4.93    7.01
-211164.793   128.787    -7.55    6.74
-210788.640   126.711    -5.52    7.88
-210412.491   124.262    -6.51    7.76
-210036.346   120.104   -11.05    6.83
-209660.204   117.403    -7.18    6.06
-209284.067   112.942   -11.86    6.11
-208907.933   109.734    -8.53    6.50
-208531.803   105.198   -12.06    7.45
-208155.676   103.735    -3.89    7.99
-207779.553   104.237     1.33    8.50
-207403.435   105.634     3.71    8.17
-207027.319   105.076    -1.48    8.32
-206651.208   101.411    -9.75    9.57
-206275.101    95.059   -16.89   10.20
-205898.997    92.394    -7.09    8.21
-205522.897    92.531     0.37    7.18
-205146.800    95.735     8.52    8.30
-204770.707   102.462    17.89    7.59
-204394.619   106.942    11.91    5.52
-204018.533   108.657     4.56    5.35
-203642.452   114.104    14.49    6.85
-203266.374   119.378    14.02    9.20
-202890.300   127.942    22.77   13.12
-202514.230   145.873    47.68   27.68
-202138.164   200.019   143.99   80.66
-201762.101   244.492   118.27   76.40
-201386.042   243.787    -1.87   71.41
-201009.987   221.967   -58.03   81.93
-200633.935   167.219  -145.59   55.85
-200257.887   151.762   -41.11   26.76
-199881.843   150.978    -2.08   25.53
-199505.802   149.157    -4.84   26.42
-199129.766   141.378   -20.69   31.24
-198753.733   127.249   -37.58   26.87
-198377.703   110.640   -44.17   13.58
-198001.678   101.762   -23.61    8.90
-197625.656    97.446   -11.48    6.78
-197249.638    95.262    -5.81    6.47
-196873.623    94.275    -2.63    7.77
-196497.613    91.865    -6.41    9.69
-196121.605    88.318    -9.43   11.83
-195745.602    82.198   -16.28   11.85
-195369.602    76.141   -16.11    4.81
-194993.606    75.362    -2.07    3.18
-194617.614    77.685     6.18    5.44
-194241.626    81.362     9.78    8.33
-193865.641    92.059    28.45   16.08
-193489.660   103.032    29.19   16.85
-193113.682   107.499    11.88   13.66
-192737.708   107.711     0.56   12.50
-192361.738   105.627    -5.54   10.13
-191985.772   102.665    -7.88    5.89
-191609.809   101.224    -3.83    5.26
-191233.850    99.578    -4.38    3.54
-190857.894    98.052    -4.06    3.79
-190481.942    97.813    -0.63    4.44
-190105.994    96.993    -2.18    4.75
-189730.050    96.151    -2.24    3.52
-189354.109    96.916     2.03    3.90
-188978.172    98.627     4.55    4.81
-188602.239   100.562     5.15    4.53
-188226.309   105.557    13.29    7.05
-187850.383   110.819    14.00   10.97
-187474.460   118.357    20.05   13.29
-187098.542   125.222    18.26   12.78
-186722.626   131.446    16.56   17.74
-186346.715   138.711    19.33   18.72
-185970.807   145.627    18.40   17.98
-185594.903   148.543     7.76   15.52
-185219.002   143.967   -12.17   14.70
-184843.106   135.104   -23.58   15.24
-184467.212   127.104   -21.28   13.16
-184091.323   125.172    -5.14    9.30
-183715.437   132.583    19.72   16.12
-183339.554   149.373    44.67   35.62
-182963.676   195.378   122.40   68.59
-182587.801   241.168   121.83   72.26
-182211.929   256.762    41.49   61.94
-181836.062   255.301    -3.89   56.76
-181460.197   227.591   -73.73   51.37
-181084.337   218.870   -23.20   46.41
-180708.480   235.978    45.52   54.33
-180332.627   254.999    50.61   58.81
-179956.777   274.275    51.29   58.40
-179580.931   281.032    17.98   54.45
-179205.089   269.262   -31.32   55.19
-178829.250   251.172   -48.13   55.55
-178453.415   224.657   -70.55   40.30
-178077.583   202.710   -58.40   15.30
-177701.755   205.634     7.78   25.63
-177325.931   227.352    57.79   45.33
-176950.110   244.845    46.55   44.45
-176574.293   250.172    14.17   40.37
-176198.480   234.401   -41.97   48.77
-175822.670   205.987   -75.61   40.85
-175446.864   183.634   -59.48   15.17
-175071.061   189.505    15.62   35.45
-174695.262   215.546    69.30   53.04
-174319.466   250.330    92.56   50.84
-173943.674   269.499    51.01   37.15
-173567.886   261.942   -20.11   40.68
-173192.101   243.978   -47.80   44.81
-172816.320   211.787   -85.67   39.05
-172440.543   193.429   -48.86   25.17
-172064.769   194.262     2.22   27.33
-171688.998   208.357    37.51   39.16
-171313.232   231.326    61.13   49.09
-170937.468   259.685    75.47   50.40
-170561.709   284.568    66.22   36.92
-170185.953   283.839    -1.94   31.20
-169810.200   267.429   -43.67   36.89
-169434.451   257.865   -25.45   38.16
-169058.706   266.839    23.89   42.77
-168682.964   282.234    40.97   46.96
-168307.226   311.249    77.22   37.24
-167931.491   329.492    48.56   18.50
-167555.760   331.604     5.62   13.35
-167180.033   325.337   -16.68   16.91
-166804.309   309.546   -42.03   27.82
-166428.589   293.137   -43.67   27.41
-166052.245   285.604   -20.02   25.94
-165675.820   291.946    16.85   30.09
-165299.398   304.627    33.69   22.31
-164922.979   306.531     5.06   18.33
-164546.564   291.326   -40.40   28.92
-164170.153   266.262   -66.59   38.44
-163793.745   237.378   -76.74   37.63
-163417.340   210.512   -71.38   24.69
-163040.940   200.275   -27.20   15.82
-162664.542   204.480    11.17   29.98
-162288.149   208.391    10.39   37.36
-161911.759   208.789     1.06   40.06
-161535.372   201.973   -18.11   34.20
-161158.989   189.078   -34.26   19.80
-160782.609   184.301   -12.69    9.05
-160406.234   185.897     4.24    9.98
-160029.861   194.689    23.36   18.25
-159653.492   214.762    53.34   32.18
-159277.127   239.236    65.03   41.09
-158900.765   266.762    73.14   39.94
-158524.407   276.224    25.14   30.94
-158148.052   268.839   -19.62   31.72
-157771.701   252.845   -42.50   31.75
-157395.354   233.301   -51.94   22.38
-157019.009   221.401   -31.62   18.18
-156642.669   218.275    -8.31   21.31
-156266.332   216.993    -3.41   25.43
-155889.998   224.676    20.42   34.07
-155513.668   220.843   -10.19   39.20
-155137.342   204.411   -43.67   40.26
-154761.019   183.762   -54.87   33.20
-154384.699   167.867   -42.24   22.66
-154008.383   160.901   -18.51   10.27
-153632.071   160.787    -0.30   10.07
-153255.762   170.095    24.74   19.62
-152879.457   185.525    41.01   36.26
-152503.155   201.710    43.01   37.37
-152126.856   203.499     4.76   35.80
-151750.562   192.095   -30.31   31.53
-151374.270   177.627   -38.45   22.97
-150997.982   174.275    -8.91   17.51
-150621.698   174.429     0.41   11.53
-150245.417   178.019     9.54   11.41
-149869.140   176.454    -4.16   13.55
-149492.866   165.703   -28.57   14.64
-149116.595   157.249   -22.47    9.95
-148740.328   157.086    -0.43   11.65
-148364.065   162.183    13.55   15.21
-147987.805   174.078    31.61   17.91
-147611.548   182.681    22.87   15.05
-147235.295   187.262    12.18   13.15
-146859.046   189.967     7.19   12.75
-146482.800   190.736     2.04   12.43
-146106.557   191.236     1.33   13.48
-145730.318   192.942     4.53   17.31
-145354.083   190.813    -5.66   17.08
-144977.850   188.627    -5.81   17.03
-144601.622   191.275     7.04   15.93
-144225.397   193.123     4.91   15.74
-143849.175   195.224     5.58   15.77
-143472.957   197.352     5.66   16.04
-143096.742   195.950    -3.73   16.03
-142720.530   198.429     6.59   16.72
-142344.323   202.519    10.87   15.55
-141968.118   207.236    12.54   12.89
-141591.917   216.222    23.89   13.53
-141215.720   225.457    24.55   14.27
-140839.525   230.788    14.17   15.11
-140463.335   233.224     6.48   16.85
-140087.148   226.631   -17.53   20.78
-139710.964   218.525   -21.55   23.00
-139334.784   210.942   -20.16   23.55
-138958.607   202.942   -21.27   21.76
-138582.433   200.546    -6.37   23.97
-138206.263   202.275     4.60   28.06
-137830.097   203.595     3.51   25.08
-137453.934   199.839    -9.99   22.73
-137077.774   191.762   -21.47   20.39
-136701.618   184.137   -20.27   16.90
-136325.465   185.044     2.41   22.39
-135949.316   184.762    -0.75   23.81
-135573.170   184.499    -0.70   23.81
-135197.027   173.870   -28.26   26.48
-134820.888   157.984   -42.24   25.01
-134444.752   144.865   -34.88   26.07
-134068.620   136.711   -21.68   20.10
-133692.491   142.446    15.25   23.87
-133316.366   162.326    52.86   34.32
-132940.244   187.454    66.81   33.10
-132564.125   205.506    48.00   25.40
-132188.010   212.897    19.65   19.27
-131811.898   210.583    -6.15   22.77
-131435.790   204.005   -17.49   25.64
-131059.685   188.788   -40.46   27.04
-130683.583   173.762   -39.95   30.79
-130307.485   156.950   -44.70   28.46
-129931.390   152.454   -11.95   22.86
-129555.299   151.473    -2.61   20.58
-129179.211   158.552    18.82   20.29
-128803.127   166.951    22.34   17.13
-128427.045   173.984    18.70   18.30
-128050.968   184.634    28.32   18.65
-127674.893   197.095    33.14   17.15
-127298.822   207.276    27.07   19.46
-126922.755   210.967     9.82   16.29
-126546.690   208.044    -7.77   17.58
-126170.629   196.685   -30.21   23.03
-125794.572   182.627   -37.38   17.70
-125418.518   172.275   -27.53   17.31
-125042.467   164.141   -21.63   17.67
-124666.420   158.894   -13.95   16.49
-124290.376   153.131   -15.33   19.26
-123914.335   155.825     7.16   31.05
-123538.298   163.839    21.31   38.23
-123162.264   163.420    -1.11   39.12
-122786.233   153.032   -27.63   35.67
-122410.206   145.546   -19.91   30.11
-122034.182   141.318   -11.24   26.57
-121658.162   129.473   -31.50   24.48
-121282.145   124.557   -13.07   24.06
-120906.131   120.762   -10.09   20.82
-120530.121   120.044    -1.91   20.63
-120154.114   129.557    25.30   19.88
-119778.110   136.429    18.28   19.40
-119402.110   138.708     6.06   18.54
-119026.113   132.378   -16.84   21.52
-118650.119   125.303   -18.82   22.29
-118274.129   115.600   -25.81   17.65
-117898.142   112.210    -9.02   18.52
-117522.159   108.887    -8.84   21.02
-117146.178   105.916    -7.90   20.63
-116770.201   103.367    -6.78   13.74
-116394.228   106.411     8.09   10.64
-116018.258   109.951     9.42    8.17
-115642.291   107.457    -6.64   10.00
-115266.327   100.420   -18.72    9.49
-114890.367    95.862   -12.12    6.27
-114514.410    96.843     2.61    7.65
-114138.456   102.993    16.36   10.93
-113762.506   115.121    32.26   23.70
-113386.559   124.813    25.78   27.98
-113010.615   132.262    19.81   30.34
-112634.675   127.813   -11.83   25.82
-112258.738   116.113   -31.12   15.26
-111882.804   106.465   -25.67   10.36
-111506.874   101.999   -11.88    6.00
-111130.947   103.481     3.94    8.86
-110755.023   111.429    21.14   13.38
-110379.103   119.473    21.40   11.75
-110003.186   123.059     9.54    9.41
-109627.272   123.710     1.73    9.13
-109251.361   121.345    -6.29    9.19
-108875.454   118.867    -6.59    8.96
-108499.550   115.287    -9.52    9.84
-108123.649   110.681   -12.25    9.73
-107747.752   107.019    -9.74    9.27
-107371.858   105.121    -5.05    9.34
-106995.967   105.095    -0.07    9.60
-106620.080   104.086    -2.68    9.51
-106244.196   101.993    -5.57    9.65
-105868.315    98.627    -8.95    9.78
-105492.437    93.897   -12.58   10.22
-105116.563    90.303    -9.56    9.07
-104740.692    89.543    -2.02    9.14
-104364.824    92.019     6.59   10.63
-103988.959    97.973    15.84   10.86
-103613.098   104.573    17.56    9.47
-103237.240   108.224     9.71    9.75
-102861.386   112.068    10.23   12.62
-102485.534   114.683     6.96   14.87
-102109.686   118.608    10.44   16.83
-101733.841   122.708    10.91   18.46
-101357.999   126.070     8.94   16.56
-100982.161   128.224     5.73   15.29
-100606.326   123.019   -13.85   14.97
-100230.494   118.086   -13.12   11.83
 -99854.666   116.711    -3.66   10.61
 -99478.840   116.357    -0.94    8.64
 -99103.018   118.631     6.05    9.70
 -98727.199   117.492    -3.03   12.47
 -98351.384   110.293   -19.15    8.90
 -97975.572   105.762   -12.06    7.23
 -97599.762   103.604    -5.74    6.35
 -97223.957   101.984    -4.31    5.59
 -96848.154   102.378     1.05    5.28
 -96472.355   103.012     1.69    5.72
 -96096.559   104.762     4.66    6.28
 -95720.766   108.737    10.58    7.10
 -95344.976   114.519    15.39    9.41
 -94969.190   125.813    30.06   15.43
 -94593.407   135.198    24.97   16.74
 -94217.627   140.437    13.94   19.88
 -93841.850   138.068    -6.31   23.51
 -93466.076   134.762    -8.80   23.60
 -93090.306   135.946     3.15   21.64
 -92714.539   140.519    12.17   22.79
 -92338.775   154.870    38.19   17.30
 -91963.015   161.850    18.58   14.26
 -91587.257   151.660   -27.12   22.39
 -91211.345   148.454    -8.53   20.02
 -90834.948   145.373    -8.19   15.91
 -90458.553   154.788    25.01   22.10
 -90082.162   168.540    36.54   25.19
 -89705.775   186.813    48.55   26.42
 -89329.390   197.275    27.80   23.66
 -88953.009   195.978    -3.44   30.07
 -88576.631   185.183   -28.68   36.64
 -88200.256   172.301   -34.23   35.56
 -87823.884   159.128   -35.00   28.24
 -87447.516   153.762   -14.26   22.57
 -87071.151   156.557     7.43   18.81
 -86694.789   162.157    14.88   18.16
 -86318.430   162.843     1.82   16.36
 -85942.074   158.303   -12.06   16.24
 -85565.722   148.734   -25.42   16.16
 -85189.372   137.737   -29.22   17.66
 -84813.026   123.429   -38.02   18.21
 -84436.684   118.151   -14.02   15.67
 -84060.344   118.839     1.83   17.78
 -83684.008   125.957    18.91   19.70
 -83307.674   132.157    16.48   13.99
 -82931.344   130.147    -5.34   16.27
 -82555.017   122.492   -20.34   18.79
 -82178.694   109.631   -34.18   14.63
 -81802.373   100.210   -25.04   12.53
 -81426.056    95.387   -12.81   11.76
 -81049.742    90.411   -13.22    7.32
 -80673.431    90.916     1.34    6.50
 -80297.123    94.557     9.68    8.58
 -79920.818    98.330    10.03   10.57
 -79544.517   104.411    16.16    9.82
 -79168.219   107.465     8.12   11.02
 -78791.923   103.198   -11.34   13.05
 -78415.632    98.634   -12.13   11.28
 -78039.343    96.762    -4.97   10.12
 -77663.057    91.288   -14.55    9.79
 -77286.775    86.249   -13.39   10.85
 -76910.495    82.708    -9.41    8.57
 -76534.219    83.813     2.94   11.26
 -76157.946    89.113    14.09   13.11
 -75781.677    93.657    12.08   12.35
 -75405.410    94.999     3.57   11.84
 -75029.146    92.262    -7.27   11.58
 -74652.886    88.411   -10.24    8.46
 -74276.629    88.837     1.13    8.79
 -73900.375    90.044     3.21    9.23
 -73524.124    93.816    10.03    9.76
 -73147.876   100.384    17.46   13.12
 -72771.632   107.276    18.32   17.23
 -72395.390   108.583     3.47   19.22
 -72019.152   109.172     1.57   20.87
 -71642.916   110.457     3.41   22.01
 -71266.684   116.506    16.08   30.32
 -70890.455   126.578    26.77   31.23
 -70514.230   129.984     9.05   28.51
 -70138.007   127.224    -7.34   27.92
 -69761.787   121.583   -14.99   23.16
 -69385.571   118.378    -8.52   20.06
 -69009.358   116.420    -5.20   21.29
 -68633.147   118.812     6.36   21.98
 -68256.940   120.086     3.39   25.43
 -67880.736   122.587     6.65   22.78
 -67504.536   118.685   -10.37   23.02
 -67128.338   107.040   -30.96   25.00
 -66752.143    96.600   -27.75   22.47
 -66375.952    84.843   -31.25   18.97
 -65999.763    76.330   -22.63   18.62
 -65623.578    66.967   -24.89   16.38
 -65247.396    59.789   -19.08   14.68
 -64871.217    48.480   -30.06   10.76
 -64495.041    43.025   -14.50    7.83
 -64118.868    43.679     1.74    9.10
 -63742.698    47.070     9.01   10.37
 -63366.532    53.685    17.59   10.24
 -62990.368    59.249    14.79    8.42
 -62614.208    60.946     4.51    6.02
 -62238.050    61.890     2.51    7.01
 -61861.896    61.946     0.15    6.38
 -61485.745    65.788    10.21    8.88
 -61109.597    72.019    16.56   11.14
 -60733.452    76.845    12.83   10.58
 -60357.310    75.195    -4.39   12.37
 -59981.171    69.789   -14.37   11.34
 -59605.035    68.789    -2.66   11.81
 -59228.902    72.454     9.74   12.62
 -58852.773    74.623     5.77   12.09
 -58476.646    74.337    -0.76   10.40
 -58100.522    72.788    -4.12    8.79
 -57724.402    74.411     4.31   10.06
 -57348.285    77.608     8.50    9.59
 -56972.170    80.867     8.67    9.95
 -56596.059    78.210    -7.07    9.10
 -56219.951    73.262   -13.15   10.81
 -55843.846    67.019   -16.60    9.39
 -55467.744    63.222   -10.10    6.74
 -55091.645    64.249     2.73    7.95
 -54715.549    63.762    -1.30    9.07
 -54339.456    64.429     1.77    8.85
 -53963.366    65.519     2.90    9.14
 -53587.280    65.870     0.93    8.97
 -53211.196    65.168    -1.87   10.23
 -52835.115    59.973   -13.81   12.95
 -52459.038    52.276   -20.46   11.92
 -52082.963    45.437   -18.19    8.10
 -51706.891    41.604   -10.19    7.00
 -51330.823    39.195    -6.41    6.56
 -50954.757    41.608     6.42   10.04
 -50578.695    45.841    11.26   12.45
 -50202.636    54.604    23.30   14.19
 -49826.579    61.183    17.49    9.03
 -49450.526    62.865     4.47    8.09
 -49074.476    58.141   -12.56   11.03
 -48698.428    51.454   -17.78   10.42
 -48322.384    47.487   -10.55    8.93
 -47946.343    45.707    -4.74    9.29
 -47570.305    50.816    13.59   11.82
 -47194.270    57.978    19.05   13.13
 -46818.238    62.573    12.22   13.07
 -46442.208    68.735    16.39   11.00
 -46066.182    71.991     8.66    9.36
 -45690.159    66.812   -13.77   11.42
 -45314.139    63.378    -9.13   11.30
 -44938.122    61.276    -5.59    9.94
 -44562.108    62.095     2.18    9.97
 -44186.097    62.025    -0.19    9.45
 -43810.089    59.301    -7.25    8.95
 -43434.084    55.276   -10.70    8.81
 -43058.082    50.839   -11.80    7.84
 -42682.083    46.595   -11.29    8.54
 -42306.087    42.095   -11.97    7.35
 -41930.094    39.312    -7.40    5.38
 -41554.104    39.534     0.59    6.76
 -41178.117    40.005     1.25    7.26
 -40802.132    41.141     3.02    7.02
 -40426.151    40.951    -0.50    7.10
 -40050.173    39.032    -5.10    8.68
 -39674.198    37.984    -2.79    8.67
 -39298.226    37.612    -0.99    7.87
 -38922.257    42.326    12.54   10.71
 -38546.291    49.789    19.85   12.20
 -38170.328    56.865    18.82   10.56
 -37794.367    63.210    16.88    9.37
 -37418.410    69.019    15.45    8.92
 -37042.456    71.573     6.79    6.58
 -36666.505    72.608     2.75    5.91
 -36290.556    73.207     1.59    6.11
 -35914.611    70.583    -6.98    7.27
 -35538.669    71.249     1.77    6.39
 -35162.729    71.850     1.60    5.42
 -34786.793    69.222    -6.99    6.74
 -34410.859    67.600    -4.31    7.56
 -34034.929    63.078   -12.03    8.57
 -33659.001    57.005   -16.15    9.91
 -33283.076    52.290   -12.54   11.19
 -32907.155    47.275   -13.34    9.67
 -32531.236    43.711    -9.48    8.88
 -32155.320    40.604    -8.26    7.66
 -31779.408    39.657    -2.52    7.41
 -31403.498    37.813    -4.90    7.80
 -31027.591    35.454    -6.28    8.89
 -30651.687    32.573    -7.67    9.26
 -30275.786    27.249   -14.16    8.18
 -29899.888    22.707   -12.09    4.54
 -29523.993    23.070     0.97    5.41
 -29148.100    22.762    -0.82    5.77
 -28772.211    22.325    -1.16    5.85
 -28396.325    21.095    -3.27    6.39
 -28020.441    18.059    -8.08    5.56
 -27644.561    17.195    -2.30    5.45
 -27268.683    16.657    -1.43    5.48
 -26892.809    17.123     1.24    6.41
 -26516.937    17.249     0.34    6.45
 -26141.068    18.121     2.32    6.87
 -25765.202    18.315     0.52    6.33
 -25389.339    19.973     4.41    5.99
 -25013.479    22.147     5.78    5.48
 -24637.622    24.506     6.28    5.42
 -24261.768    24.411    -0.25    6.01
 -23885.917    23.454    -2.54    6.55
 -23510.068    23.951     1.32    7.05
 -23134.223    27.634     9.80   10.39
 -22758.380    32.147    12.01   10.03
 -22382.541    37.325    13.78    7.29
 -22006.704    36.890    -1.16    9.04
 -21630.870    35.025    -4.96    8.44
 -21255.039    31.924    -8.25   10.33
 -20879.211    26.788   -13.67   11.91
 -20503.386    23.249    -9.42   11.83
 -20127.564    19.275   -10.57   10.21
 -19751.744    15.301   -10.58    8.79
 -19375.928     9.951   -14.23    8.17
 -19000.114     4.839   -13.60    7.81
 -18624.304     0.967   -10.30    5.06
 -18248.496     1.019     0.14    4.52
 -17872.691     3.465     6.51    5.28
 -17496.889     5.403     5.16    4.51
 -17121.090     7.438     5.41    4.68
 -16745.293     9.384     5.18    6.14
 -16369.500    15.531    16.36   11.67
 -15993.354    23.512    21.22   11.12
 -15616.980    30.275    17.97    9.93
 -15240.610    35.147    12.94    8.10
 -14864.242    38.086     7.81    5.99
 -14487.877    37.711    -1.00    4.23
 -14111.515    37.262    -1.19    4.70
 -13735.156    34.993    -6.03    5.77
 -13358.800    32.685    -6.13    5.38
 -12982.446    31.492    -3.17    5.55
 -12606.096    31.121    -0.99    5.94
 -12229.748    30.095    -2.73    5.78
 -11853.403    30.095     0.00    5.32
 -11477.061    30.276     0.48    4.82
 -11100.722    31.634     3.61    4.87
 -10724.386    32.681     2.78    4.67
 -10348.052    34.341     4.41    4.39
  -9971.722    36.330     5.28    4.16
  -9595.394    37.293     2.56    3.63
  -9219.070    35.378    -5.09    5.29
  -8842.748    32.999    -6.32    6.14
  -8466.428    31.401    -4.25    6.27
  -8090.112    29.916    -3.95    5.45
  -7713.799    28.290    -4.32    5.35
  -7337.488    26.762    -4.06    5.07
  -6961.180    25.019    -4.63    4.89
  -6584.876    23.141    -4.99    5.08
  -6208.574    20.552    -6.88    5.70
  -5832.274    18.942    -4.28    5.11
  -5455.978    18.162    -2.07    5.02
  -5079.684    15.897    -6.02    4.01
  -4703.394    16.012     0.31    4.06
  -4327.106    16.920     2.41    4.33
  -3950.821    16.357    -1.50    3.98
  -3574.539    15.438    -2.44    4.37
  -3198.259    13.534    -5.06    5.01
  -2821.983    11.608    -5.12    4.44
  -2445.709     9.890    -4.57    4.06
  -2069.438     8.623    -3.37    3.94
  -1693.170     6.634    -5.29    3.77
  -1316.905     3.984    -7.04    3.47
   -940.642     2.262    -4.58    3.66
   -564.382     0.942    -3.51    3.26
   -188.126     0.492    -1.20    3.11
    188.128     0.736     0.65    3.48
    564.380     0.815     0.21    3.47
    940.628     2.837     5.38    8.05
   1316.874     8.978    16.32   13.29
   1693.117    13.172    11.15   13.47
   2069.357    16.890     9.88   11.03
   2445.594    17.546     1.74    8.27
   2821.828    16.113    -3.81    5.96
   3198.060    18.978     7.61    7.99
   3574.289    24.019    13.40    8.78
   3950.515    28.352    11.52    8.32
   4326.738    31.984     9.66    7.12
   4702.958    35.095     8.27    6.89
   5079.176    38.318     8.56    7.24
   5455.391    41.151     7.53    5.64
   5831.603    40.942    -0.56    5.47
   6207.812    38.420    -6.70    6.51
   6584.019    35.736    -7.13    4.77
   6960.223    34.473    -3.36    3.77
   7336.424    34.487     0.04    3.76
   7712.622    33.735    -2.00    4.59
   8088.817    32.412    -3.52    5.62
   8465.010    29.660    -7.32    5.01
   8841.200    28.438    -3.25    4.97
   9217.387    27.681    -2.01    3.88
   9593.572    27.276    -1.08    4.52
   9969.753    27.315     0.10    5.11
  10345.932    26.454    -2.29    5.17
  10722.108    24.873    -4.20    4.22
  11098.281    24.537    -0.89    2.88
  11474.452    27.262     7.24    5.42
  11850.620    31.095    10.19    6.58
  12226.785    34.736     9.68    5.94
  12602.947    37.403     7.09    4.50
  12979.107    38.890     3.95    3.98
  13355.264    40.473     4.21    4.35
  13731.418    41.762     3.43    4.35
  14107.569    44.123     6.28    5.92
  14483.718    46.412     6.09    6.69
  14859.863    46.942     1.41    7.97
  15236.006    46.534    -1.08    8.72
  15612.147    42.168   -11.61    8.46
  15988.284    36.195   -15.88    7.54
  16364.419    32.032   -11.07    7.08
  16740.551    27.634   -11.69    5.38
  17116.681    26.681    -2.53    4.79
  17492.808    25.962    -1.91    4.52
  17868.932    27.631     4.44    6.30
  18245.053    31.059     9.12    7.89
  18621.171    36.275    13.87   10.06
  18997.287    39.890     9.61   11.45
  19373.400    44.736    12.88   10.28
  19749.511    47.401     7.09   10.11
  20125.618    49.531     5.66   10.99
  20501.723    50.654     2.98   10.45
  20877.825    51.326     1.79   10.40
  21253.925    50.762    -1.50    8.90
  21630.022    47.019    -9.95    8.61
  22006.116    41.627   -14.34    9.30
  22382.207    37.222   -11.71    5.45
  22758.296    34.492    -7.26    4.86
  23134.382    33.788    -1.87    4.55
  23510.465    33.345    -1.18    3.81
  23886.546    33.372     0.07    3.75
  24262.623    34.121     1.99    3.59
  24638.699    35.032     2.42    4.17
  25014.771    37.557     6.71    7.28
  25390.841    39.552     5.30    8.98
  25766.908    42.019     6.56    8.52
  26142.972    44.901     7.66    8.88
  26519.034    53.839    23.77   18.62
  26895.093    65.595    31.26   23.86
  27271.150    67.480     5.01   21.51
  27647.203    69.070     4.23   20.79
  28023.254    60.105   -23.84   15.31
  28399.303    56.600    -9.32   13.24
  28775.348    52.843    -9.99   12.13
  29151.391    47.262   -14.84    8.78
  29527.431    40.894   -16.94    6.38
  29903.469    37.401    -9.29    6.03
  30279.504    33.226   -11.10    6.94
  30655.536    29.660    -9.48    6.37
  31031.566    26.222    -9.14    6.59
  31407.593    22.262   -10.53    4.64
  31783.617    21.420    -2.24    5.26
  32159.639    20.711    -1.89    6.27
  32535.658    21.005     0.78    8.17
  32911.674    17.608    -9.03    7.12
  33287.688    13.207   -11.71    5.02
  33663.699    10.352    -7.59    3.38
  34039.707     8.660    -4.50    2.44
  34415.713     7.700    -2.55    2.21
  34791.716     7.330    -0.98    2.52
  35167.716     6.924    -1.08    2.87
  35543.714     6.816    -0.29    3.04
  35919.709     6.104    -1.89    2.51
  36295.702     5.546    -1.48    1.92
  36671.691     5.788     0.64    2.50
  37047.679     6.224     1.16    2.58
  37423.663     6.657     1.15    2.80
  37799.645     7.157     1.33    2.68
  38175.624     6.531    -1.66    2.40
  38551.601     6.095    -1.16    2.56
  38927.575     5.735    -0.96    4.32
  39303.546     3.685    -5.45    5.01
  39679.515     1.384    -6.12    4.90
  40055.481    -0.392    -4.72    3.72
  40431.445     0.224     1.64    3.91
  40807.406     2.168     5.17    4.80
  41183.364     4.352     5.81    4.20
  41559.320     6.384     5.40    2.24
  41935.273     7.573     3.16    2.09
  42311.223     7.531    -0.11    2.38
  42687.171     8.005     1.26    2.24
  43063.116     7.916    -0.24    2.42
  43439.059     7.172    -1.98    2.81
  43814.999     6.367    -2.14    2.89
  44190.936     5.973    -1.05    2.48
  44566.871     5.429    -1.45    2.17
  44942.803     6.865     3.82    3.65
  45318.733     8.086     3.25    4.10
  45694.660    10.916     7.53    6.18
  46070.584    16.519    14.90    8.28
  46446.506    20.708    11.14    9.18
  46822.425    25.890    13.79    7.93
  47198.342    30.512    12.29    5.07
  47574.256    33.685     8.44    4.73
  47950.167    34.147     1.23    4.18
  48326.076    33.984    -0.43    4.56
  48701.982    32.147    -4.89    5.26
  49077.886    30.789    -3.61    4.40
  49453.787    31.019     0.61    3.73
  49829.686    32.608     4.23    4.24
  50205.582    34.815     5.87    5.26
  50581.475    38.710    10.36    7.25
  50957.366    42.993    11.40    7.66
  51333.254    45.762     7.37    7.32
  51709.140    49.573    10.14    7.21
  52085.023    52.578     7.99    7.01
  52460.903    55.473     7.70    8.08
  52836.781    58.519     8.10    8.82
  53212.657    61.276     7.33    8.34
  53588.530    63.825     6.78    6.81
  53964.400    67.172     8.91    5.77
  54340.268    68.608     3.82    6.50
  54716.133    66.957    -4.39   10.01
  55091.995    63.839    -8.29   14.45
  55467.855    60.762    -8.19   14.89
  55843.713    57.583    -8.46   13.18
  56219.568    60.894     8.81   12.79
  56595.420    62.326     3.81   12.43
  56971.270    63.276     2.53   10.29
  57347.117    63.890     1.64   10.17
  57722.962    63.112    -2.07    8.95
  58098.804    64.679     4.17   10.29
  58474.644    67.330     7.05   12.00
  58850.481    72.222    13.02   11.18
  59226.806    77.059    12.86   10.29
  59603.145    80.870    10.13    7.24
  59979.481    81.380     1.35    5.80
  60355.814    79.812    -4.17    6.74
  60732.145    78.660    -3.06    6.72
  61108.474    79.123     1.23    6.78
  61484.800    79.326     0.54    8.94
  61861.123    81.141     4.82    9.88
  62237.444    81.552     1.09   10.65
  62613.762    81.578     0.07   10.35
  62990.078    83.916     6.21    9.97
  63366.391    84.519     1.60   10.14
  63742.702    82.942    -4.19   10.68
  64119.010    83.462     1.38   10.87
  64495.315    82.207    -3.34   13.98
  64871.618    80.552    -4.40   13.99
  65247.919    80.978     1.13   13.82
  65624.217    79.141    -4.88   12.09
  66000.513    79.573     1.15   13.24
  66376.806    83.419    10.22   12.67
  66753.096    83.837     1.11   12.40
  67129.384    84.912     2.86   12.41
  67505.670    85.897     2.62   13.14
  67881.953    89.865    10.54   14.10
  68258.234    95.168    14.09   15.66
  68634.512    99.183    10.67   15.41
  69010.787   100.198     2.70   13.52
  69387.060   102.737     6.75   12.61
  69763.331   105.141     6.39   12.33
  70139.599   108.604     9.21   12.96
  70515.865   114.737    16.30   12.99
  70892.128   125.113    27.58   25.11
  71268.388   140.403    40.64   37.04
  71644.646   158.946    49.28   41.01
  72020.902   173.384    38.37   41.83
  72397.155   190.141    44.54   40.23
  72773.406   188.540    -4.25   40.34
  73149.654   190.275     4.61   40.62
  73525.900   193.262     7.94   42.00
  73902.143   200.681    19.72   39.77
  74278.384   226.062    67.46   33.57
  74654.622   240.210    37.60   26.35
  75030.858   249.552    24.83    9.89
  75407.091   248.736    -2.17   11.05
  75783.322   244.710   -10.70   14.65
  76159.551   240.151   -12.12   17.37
  76535.777   243.679     9.38   19.34
  76912.000   251.137    19.82   14.51
  77288.221   257.318    16.43    6.46
  77664.440   259.480     5.75    4.38
  78040.656   259.634     0.41    4.85
  78416.869   254.357   -14.03   14.52
  78793.081   242.762   -30.82   25.66
  79169.289   224.411   -48.78   33.03
  79545.496   200.865   -62.59   31.88
  79921.700   186.352   -38.58   21.32
  80297.901   179.113   -19.24   16.19
  80674.100   183.287    11.09   24.70
  81050.297   188.552    13.99   31.11
  81426.491   190.394     4.90   29.23
  81802.682   193.600     8.52   29.91
  82178.872   196.531     7.79   28.93
  82555.058   199.657     8.31   27.82
  82931.243   210.651    29.23   25.61
  83307.425   197.685   -34.47   30.50
  83683.604   187.901   -26.01   27.03
  84059.781   190.788     7.67   27.52
  84435.956   202.942    32.31   31.37
  84812.128   220.791    47.45   22.43
  85188.298   231.141    27.51    8.62
  85564.465   232.492     3.59    3.52
  85940.630   232.816     0.86    2.07
  86316.793   233.137     0.85    1.69
  86692.953   234.438     3.46    3.97
  87069.111   235.249     2.16    8.55
  87445.266   234.326    -2.45   12.10
  87821.419   228.683   -15.00   17.98
  88197.569   219.870   -23.43   18.46
  88573.717   217.454    -6.42   18.93
  88949.863   215.420    -5.41   18.98
  89326.006   213.901    -4.04   19.14
  89702.147   210.839    -8.14   18.38
  90078.285   201.762   -24.13   18.67
  90454.421   196.657   -13.57   19.75
  90830.555   189.608   -18.74   20.70
  91206.686   176.731   -34.24   19.88
  91582.815   172.600   -10.98   19.84
  91958.942   165.420   -19.09   19.50
  92335.066   157.195   -21.87   17.00
  92711.187   151.352   -15.53   16.54
  93087.307   143.600   -20.61   14.24
  93463.424   134.378   -24.52   14.69
  93839.538   128.044   -16.84   10.26
  94215.650   125.378    -7.09    9.30
  94591.760   124.195    -3.15    8.73
  94967.868   128.095    10.37   12.87
  95343.973   135.052    18.49   17.11
  95720.075   145.595    28.03   18.34
  96096.176   154.978    24.95   20.73
  96472.273   167.843    34.21   21.66
  96848.369   173.920    16.16   23.27
  97224.462   170.378    -9.42   23.57
  97600.553   166.106   -11.36   22.88
  97976.641   165.867    -0.63   22.86
  98352.727   164.967    -2.39   20.91
  98728.811   166.384     3.77   14.85
  99104.892   167.993     4.28   14.50
  99480.971   170.654     7.08   17.71
  99857.048   177.275    17.60   15.24
 100233.122   178.429     3.07   14.54
 100609.194   175.736    -7.16   15.59
 100985.264   166.552   -24.42   16.38
 101361.331   158.044   -22.62   13.09
 101737.396   152.288   -15.30   11.00
 102113.459   146.207   -16.17   10.02
 102489.519   143.249    -7.87   10.40
 102865.577   137.157   -16.20   10.60
 103241.632   132.681   -11.90    9.73
 103617.685   127.711   -13.22   11.17
 103993.736   124.137    -9.50   10.91
 104369.785   119.249   -13.00   13.21
 104745.831   114.608   -12.34   16.05
 105121.875   105.901   -23.15   20.43
 105497.916    94.557   -30.17   20.68
 105873.955    87.249   -19.43   18.07
 106249.992    79.172   -21.48   13.39
 106626.027    74.973   -11.17   12.56
 107002.059    70.352   -12.29    9.95
 107378.089    64.222   -16.30    9.36
 107754.116    63.839    -1.02    9.60
 108130.142    69.537    15.15   15.76
 108506.165    78.790    24.61   18.18
 108882.185    85.086    16.74   15.64
 109258.204    92.113    18.69   13.19
 109634.220    96.492    11.64   15.87
 110010.233   100.843    11.57   16.10
 110386.245   105.819    13.23   13.07
 110762.254   109.537     9.89   12.89
 111138.260   110.711     3.12   12.49
 111514.265   110.195    -1.37   12.56
 111890.267   114.506    11.47   14.99
 112266.267   115.465     2.55   18.50
 112642.265   117.104     4.36   18.69
 113018.260   119.499     6.37   19.91
 113394.253   110.198   -24.74   22.39
 113770.244    96.357   -36.81   23.76
 114146.232    83.104   -35.25   20.07
 114522.218    79.887    -8.56   17.42
 114898.202    89.334    25.12   28.11
 115274.183    94.627    14.08   26.83
 115650.163   100.870    16.60   17.79
 116026.140   104.249     8.99   16.88
 116402.114    97.086   -19.05   18.09
 116778.087    88.262   -23.47   19.10
 117154.057    77.212   -29.39   18.32
 117530.025    69.275   -21.11   16.08
 117905.990    67.519    -4.67   13.49
 118281.954    70.865     8.90   19.07
 118657.915    85.604    39.20   27.82
 119033.874   105.121    51.91   30.53
 119409.830   121.473    43.49   33.14
 119785.784   135.531    37.39   33.50
 120161.736   150.707    40.36   33.75
 120537.686   165.841    40.26   27.78
 120913.634   173.487    20.34   23.43
 121289.579   174.334     2.25   21.17
 121665.522   154.839   -51.85   33.61
 122041.462   133.276   -57.36   31.88
 122417.401   113.843   -51.69   23.81
 122793.337   102.789   -29.40   15.29
 123169.271    97.484   -14.11   17.63
 123545.203    84.557   -34.39   20.29
 123921.132    81.480    -8.18   20.44
 124297.059    84.762     8.73   27.50
 124672.984    95.583    28.78   29.78
 125048.907   100.429    12.89   25.13
 125424.828   103.454     8.05   20.68
 125800.746   105.195     4.63   21.39
 126176.662   120.326    40.25   29.07
 126552.576   131.345    29.31   25.70
 126928.487   127.631    -9.88   27.95
 127304.397   113.999   -36.26   29.46
 127680.304    97.293   -44.44   13.93
 128056.209    93.583    -9.87   11.97
 128432.111    90.465    -8.29   10.90
 128808.012    95.623    13.72   14.87
 129183.910    98.519     7.70   15.05
 129559.806    97.651    -2.31   16.31
 129935.700    98.288     1.70   14.67
 130311.591   106.429    21.66   23.73
 130687.481   122.086    41.65   31.18
 131063.368   137.480    40.95   26.12
 131439.253   142.121    12.35   19.74
 131815.136   130.378   -31.24   26.91
 132191.016   110.367   -53.23   25.36
 132566.894    97.480   -34.29   22.24
 132942.770    90.168   -19.45   16.36
 133318.644    81.951   -21.86   15.34
 133694.516    77.059   -13.01   13.75
 134070.531    75.356    -4.53   13.02
 134446.847    75.557     0.53   14.80
 134823.160    73.920    -4.35   15.56
 135199.471    70.457    -9.20   14.87
 135575.780    67.411    -8.09   14.04
 135952.087    66.095    -3.50   15.04
 136328.392    66.052    -0.12   15.39
 136704.694    72.993    18.45   17.85
 137080.994    78.978    15.91   15.65
 137457.292    84.608    14.96   16.11
 137833.588    89.131    12.02   15.64
 138209.882    90.788     4.41   13.92
 138586.173    89.519    -3.37   14.94
 138962.463    86.387    -8.32   15.80
 139338.750    86.357    -0.08   16.87
 139715.035    88.735     6.32   18.35
 140091.318    91.870     8.33   17.50
 140467.598    90.991    -2.34   15.08
 140843.877    82.224   -23.30   20.22
 141220.153    68.865   -35.50   23.81
 141596.427    58.207   -28.32   19.41
 141972.699    53.104   -13.56   14.49
 142348.969    51.818    -3.42   14.90
 142725.236    49.078    -7.28   16.38
 143101.502    50.637     4.14   14.84
 143477.765    54.032     9.02   17.91
 143854.026    60.552    17.33   18.28
 144230.285    64.446    10.35   14.18
 144606.542    57.916   -17.36   16.98
 144982.796    54.141   -10.03   16.19
 145359.049    54.312     0.46   16.98
 145735.299    62.301    21.23   20.36
 146111.547    73.843    30.68   15.75
 146487.793    75.816     5.24   14.36
 146864.037    69.519   -16.74   16.43
 147240.279    58.608   -29.00   17.11
 147616.518    48.172   -27.74   14.01
 147992.756    44.591    -9.52   10.98
 148368.991    41.660    -7.79    9.54
 148745.224    40.025    -4.34    9.64
 149121.455    38.595    -3.80   11.86
 149497.684    35.839    -7.33   15.18
 149873.911    31.315   -12.03   17.31
 150250.136    22.429   -23.62   18.56
 150626.358    16.867   -14.78   15.28
 151002.579    10.262   -17.56   11.74
 151378.797     8.249    -5.35    8.11
 151755.013     8.762     1.36    9.23
 152131.227    10.634     4.98    9.00
 152507.439    15.234    12.23    8.15
 152883.649    13.762    -3.91    5.70
 153259.856    11.816    -5.17    2.21
 153636.062    10.438    -3.66    3.28
 154012.265     9.608    -2.20    3.21
 154388.467     8.512    -2.91    3.45
 154764.666     8.480    -0.09    2.96
 155140.863     7.315    -3.10    6.04
 155517.058     6.816    -1.33    7.06
 155893.251     4.583    -5.94    8.84
 156269.442     2.104    -6.59   10.01
 156645.631     1.683    -1.12    9.77
 157021.817     0.262    -3.78   10.02
 157398.002    -0.315    -1.53   12.92
 157774.184     1.384     4.52   19.60
 158150.364    10.967    25.48   29.98
 158526.543    24.987    37.27   36.78
 158902.719    33.901    23.70   33.72
 159278.893    39.384    14.57   27.01
 159655.065    34.384   -13.29   18.05
 160031.235    33.897    -1.29   12.95
 160407.402    39.546    15.02   19.63
 160783.568    47.512    21.18   20.76
 161159.732    55.312    20.74   14.84
 161535.893    56.121     2.15   15.02
 161912.053    53.249    -7.64   16.61
 162288.210    51.634    -4.29   13.84
 162664.365    54.367     7.27   16.29
 163040.519    58.531    11.07   18.57
 163416.670    61.384     7.58   16.91
 163792.819    59.890    -3.97   18.39
 164168.966    54.234   -15.04   16.01
 164545.111    46.172   -21.43   15.55
 164921.254    38.454   -20.52   15.16
 165297.395    32.703   -15.29   11.74
 165673.534    34.735     5.40   12.74
 166049.670    43.222    22.56   17.41
 166425.805    52.113    23.64   17.61
 166801.938    57.870    15.30   20.50
 167178.068    60.234     6.29   21.74
 167554.197    59.762    -1.26   22.12
 167930.323    59.275    -1.30   21.59
 168306.448    61.315     5.42   18.21
 168682.570    66.183    12.94   18.23
 169058.690    66.865     1.81   15.67
 169434.809    67.608     1.98   13.76
 169810.925    66.708    -2.39   13.58
 170187.039    67.326     1.64   10.81
 170563.151    66.873    -1.20   10.04
 170939.261    71.608    12.59   10.62
 171315.369    77.044    14.45   11.35
 171691.476    82.231    13.79   12.05
 172067.580    87.711    14.57   13.06
 172443.682    93.303    14.87   11.93
 172819.782    97.438    10.99    9.19
 173195.880   101.249    10.13    4.96
 173571.975   102.373     2.99    4.66
 173948.069    99.999    -6.31    9.15
 174324.161    94.916   -13.51   12.85
 174700.251    90.978   -10.47   15.24
 175076.339    86.095   -12.98   16.82
 175452.425    85.711    -1.02   16.14
 175828.509    87.813     5.59   14.37
 176204.591    87.951     0.37   13.85
 176580.670    88.734     2.08   11.71
 176956.748    87.936    -2.12   11.53
