# NaN NaN NaN ;Mean Elev.(m), Avg Gradient(m/km), RMS Gradient(m/km) - SRTM1     
#    4.350  -0.603   4.584 ;Mean Elev.(m), Avg Gradient(m/km), RMS Gradient(m/km) - ASTER GDEM
#    2.276  -1.003   4.907 ;Mean Elev.(m), Avg Gradient(m/km), RMS Gradient(m/km) - GMTED2010 
  7 310.399998  -2.628854     2.817     2.844  8 52443.05559711 19.681
  8 310.404007  -2.624285     1.483     1.272  7 52478.05559264 44.099
  9 310.415444  -2.613101     1.690     1.723  4 52513.05553650 19.884
 10 310.406776  -2.619688     2.543     2.383  8 52548.05557726 27.785
 11 310.410692  -2.617083     2.131     2.104  6 52583.05557945 14.570
 12 310.404838  -2.621158     2.542     2.598  8 52618.05555296 32.805
 13 310.416291  -2.612690     2.491     2.447  5 52653.05552815 16.728
 14 310.409093  -2.617031     2.130     2.098  7 52688.05552809 26.684
 15 310.408003  -2.617867     4.301     4.260  7 52723.05557454 40.152
 16 310.398561  -2.629869     3.261     3.280  8 52758.05559367 50.163
 17 310.410727  -2.617269     1.727     1.867  6 52793.05554861 18.247
 18 310.412239  -2.614790     2.839     2.879  6 52828.05561682 16.267
 19 310.413958  -2.615014    -0.412    -0.714  5 52863.05566176 26.699
 20 310.406269  -2.619014     1.692     1.973  8 52898.05569075 17.049
 21 310.404981  -2.619141     2.254     2.096  8 52933.05563633 28.112
 22 310.409259  -2.616991     1.964     2.073  7 52968.05564399 16.178
 24 310.404778  -2.622006     2.128     2.223  8 53038.05561589 40.528
 25 310.406385  -2.619353     4.657     4.789  7 53073.05564306 24.539
 26 310.404558  -2.620557     4.712     4.631  8 53108.05561635 41.485
 27 310.407364  -2.618761     2.879     2.894  7 53143.05565286 46.625
 28 310.409758  -2.617492     2.493     2.621  6 53178.05567435 44.208
 29 310.406103  -2.619122     2.941     2.978  8 53213.05569462 47.515
 30 310.408390  -2.617468     1.786     1.832  7 53248.05566376 22.374
 31 310.405018  -2.620222     2.119     2.140  8 53283.05565448 19.144
 32 310.411183  -2.615220     1.937     1.916  6 53318.05565445 16.310
 33 310.412221  -2.614467     2.176     2.090  6 53353.05562063 18.255
 34 310.407670  -2.618788     2.893     2.820  7 53388.05561566 28.962
 35 310.413591  -2.612671     2.682     2.576  4 53423.05561707 49.593
 36 310.412471  -2.614906     4.610     4.519  5 53458.05562188 19.477
 37 310.401702  -2.622864     3.874     3.829  9 53493.05570606 49.451
 38 310.412277  -2.614596     0.932     1.178  5 53528.05568630 22.938
 39 310.402607  -2.623355     2.643     2.639  9 53563.05571432 47.770
 40 310.411281  -2.615530     1.808     1.920  6 53598.05565562 33.576
 41 310.404863  -2.621527     1.991     1.966  8 53633.05565038 19.867
 42 310.404112  -2.621478     2.543     2.619  8 53668.05567237 15.651
 43 310.412200  -2.614370     1.128     1.293  6 53703.05561709 33.111
 44 310.412282  -2.613701     0.955     0.541  6 53738.05552685 23.262
 45 310.413421  -2.613939     2.868     2.735  5 53773.05553974 38.108
 46 310.410965  -2.615000     2.884     2.814  6 53808.05552666 40.901
 48 310.410711  -2.614558     3.958     3.947  6 53878.05559629 49.242
 49 310.402750  -2.623189     2.293     2.260  8 53913.05564784 20.206
 51 310.407394  -2.619179     1.837     1.798  8 53983.05560360 49.029
 52 310.409783  -2.616094     2.216     2.146  7 54018.05563362 24.490
 53 310.416066  -2.612687     2.029     2.089  4 54053.05562756 29.983
 54 310.409403  -2.616138    -0.977    -0.814  6 54088.05561859 11.155
 55 310.408151  -2.618040     1.809     1.945  8 54123.05554147 25.705
 56 310.407562  -2.617050     3.657     3.716  7 54158.05558194 24.942
 58 310.408397  -2.619120     2.893     2.890  7 54228.05559340 17.435
 59 310.408644  -2.616889     1.863     1.886  7 54263.05561307 25.764
 60 310.408973  -2.616957     2.569     2.581  7 54298.05561777 43.571
 61 310.409693  -2.617215     2.321     2.352  6 54333.05560722 34.019
 63 310.409072  -2.617597     1.867     1.966  6 54403.05555031 20.448
 65 310.410419  -2.615579     1.485     1.451  6 54473.05553631 24.441
 66 310.408686  -2.617529     3.191     3.198  7 54508.05551803 16.705
 67 310.409376  -2.615624     2.221     2.185  6 54543.05555067 43.002
 68 310.408565  -2.619440     3.411     3.483  7 54578.05552050 17.914
 69 310.409323  -2.617178     2.853     2.743  6 54613.05554167 15.480
 70 310.408089  -2.617444     1.564     1.564  7 54648.05554809 45.119
 71 310.408119  -2.616336     1.280     1.155  7 54683.05554883 21.617
 72 310.409028  -2.617699     2.534     2.639  7 54718.05549614 25.832
 73 310.408512  -2.618070     1.421     1.384  7 54753.05552115 22.032
 74 310.408187  -2.617480     1.999     1.818  7 54788.05548606 28.020
 75 310.408975  -2.615735     2.287     2.215  5 54823.05551612 24.474
 76 310.408923  -2.616742     2.271     2.223  6 54858.05548263 19.217
 77 310.407549  -2.619109     3.396     3.339  8 54893.05551771 33.396
 78 310.407125  -2.619547     2.747     2.718  8 54928.05547957 43.880
 80 310.406455  -2.620079     3.496     3.557  7 54998.05553835 47.586
 82 310.408713  -2.616240     2.635     2.654  7 55068.05551664 33.002
 83 310.407020  -2.619196     2.578     2.574  8 55103.05545460 45.904
 84 310.408808  -2.616927     1.045     0.968  7 55138.05546272 20.253
 85 310.408498  -2.617676     1.117     1.123  7 55173.05542370 13.249
 86 310.408660  -2.617411     1.933     1.958  6 55208.05545754 15.960
 87 310.407612  -2.618215     2.611     2.557  8 55243.05542788 16.608
 88 310.407823  -2.616496     3.363     3.255  7 55278.05545106 20.537
 89 310.408439  -2.618684     3.142     3.091  7 55313.05541408 17.453
 90 310.408737  -2.616193     2.269     2.411  7 55348.05542219 17.004
 91 310.407916  -2.616636     2.850     2.796  7 55383.05541215 39.094
 92 310.409169  -2.617303     1.876     1.773  6 55418.05544072 35.034
 93 310.409055  -2.617465     2.376     2.385  6 55453.05542154 25.988
 94 310.409297  -2.615935     1.584     1.566  6 55488.05534283 14.440
