-193288.189    62.033     0.00   10.15
-192911.976    63.747     4.56   10.12
-192535.760    63.869     0.33   10.21
-192159.541    61.402    -6.56   11.88
-191783.321    62.200     2.12   13.55
-191407.097    65.027     7.51   14.78
-191030.871    67.633     6.92   13.67
-190654.643    69.271     4.36   11.18
-190278.412    60.335   -23.75   16.31
-189902.179    46.551   -36.64   15.14
-189525.943    40.551   -15.95   11.66
-189149.704    38.903    -4.38    9.35
-188773.463    38.204    -1.86    9.61
-188397.220    40.508     6.12    8.48
-188020.973    40.350    -0.42    7.30
-187644.725    39.795    -1.48    5.60
-187268.474    39.222    -1.52    4.69
-186892.220    38.369    -2.27    5.45
-186515.964    35.948    -6.43    8.10
-186139.705    33.159    -7.41   10.44
-185763.443    29.786    -8.96   11.72
-185387.180    23.957   -15.49   11.82
-185010.913    20.790    -8.42   12.08
-184634.644    21.608     2.17   10.56
-184258.373    21.494    -0.30    9.42
-183882.098    23.264     4.71    9.80
-183505.822    22.011    -3.33   12.18
-183129.543    16.443   -14.80   14.93
-182753.261    11.173   -14.01   14.93
-182376.976     7.521    -9.70   12.23
-182000.689     5.958    -4.16    8.78
-181624.400     8.709     7.31    7.79
-181248.108    11.714     7.98    6.12
-180871.813    13.017     3.46    3.36
-180495.516    12.714    -0.81    3.62
-180119.216    12.017    -1.85    4.41
-179742.914    10.402    -4.29    4.90
-179366.609     7.889    -6.68    5.30
-178990.302     5.799    -5.55    5.41
-178613.991     3.606    -5.83    5.24
-178237.679     1.094    -6.68    5.21
-177861.616    -1.340    -6.47    5.27
-177485.814    -2.188    -2.26    4.58
-177110.009    -3.313    -2.99    5.52
-176734.202    -5.503    -5.83    6.46
-176358.392    -9.719   -11.22    8.72
-175982.580   -15.034   -14.14    9.22
-175606.764   -20.444   -14.40    6.51
-175230.947   -23.767    -8.84    2.62
-174855.127   -24.232    -1.24    1.62
-174479.304   -26.242    -5.35    3.90
-174103.478   -28.525    -6.07    4.69
-173727.650   -30.496    -5.24    4.37
-173351.820   -32.525    -5.40    2.10
-172975.986   -31.085     3.83    3.51
-172600.151   -28.423     7.08    4.73
-172224.312   -26.473     5.19    4.25
-171848.471   -25.521     2.53    3.50
-171472.627   -24.625     2.39    2.02
-171096.781   -24.367     0.68    2.31
-170720.932   -23.420     2.52    2.55
-170345.081   -23.124     0.79    2.73
-169969.227   -23.178    -0.14    2.95
-169593.370   -24.229    -2.79    3.14
-169217.511   -24.188     0.11    2.86
-168841.649   -24.953    -2.03    2.85
-168465.784   -24.449     1.34    2.98
-168089.917   -24.291     0.42    2.82
-167714.047   -24.025     0.71    3.28
-167338.175   -23.496     1.41    3.75
-166962.300   -22.908     1.56    3.96
-166586.422   -23.085    -0.47    3.89
-166210.542   -23.340    -0.68    3.26
-165834.659   -23.557    -0.58    2.79
-165458.773   -23.205     0.93    2.30
-165082.885   -23.073     0.35    2.38
-164706.994   -22.803     0.72    2.60
-164331.101   -22.547     0.68    2.47
-163955.205   -23.562    -2.70    2.00
-163579.306   -23.476     0.23    2.73
-163203.405   -22.006     3.91    5.07
-162827.501   -19.499     6.67    8.59
-162451.594   -15.742     9.99    9.69
-162075.685   -13.205     6.75    9.80
-161699.773   -10.726     6.59    7.88
-161323.858    -7.631     8.24    6.93
-160947.941    -5.932     4.52    5.53
-160572.021    -4.395     4.09    3.35
-160196.098    -4.792    -1.06    3.42
-159820.173    -4.476     0.84    3.80
-159444.245    -4.800    -0.86    3.57
-159068.314    -4.746     0.14    2.97
-158692.381    -4.482     0.70    2.25
-158316.445    -4.573    -0.24    2.20
-157940.507    -4.855    -0.75    2.58
-157564.565    -5.229    -0.99    2.49
-157188.621    -5.692    -1.23    2.55
-156812.675    -6.451    -2.02    2.71
-156436.725    -7.236    -2.09    2.76
-156060.774    -8.342    -2.94    2.72
-155684.819    -9.124    -2.08    2.60
-155308.862   -10.183    -2.82    1.94
-154932.902   -10.841    -1.75    1.86
-154556.939   -11.085    -0.65    1.92
-154180.974   -11.259    -0.46    2.04
-153805.006   -10.567     1.84    2.15
-153429.035   -10.043     1.39    2.55
-153053.061    -9.800     0.65    2.98
-152677.085   -10.692    -2.37    3.89
-152301.106   -12.840    -5.71    4.98
-151925.125   -15.137    -6.11    3.98
-151549.141   -17.316    -5.80    2.64
-151173.154   -17.451    -0.36    2.80
-150797.164   -16.999     1.20    3.17
-150421.172   -16.756     0.65    3.39
-150045.177   -17.973    -3.23    4.22
-149669.179   -19.906    -5.14    4.67
-149293.179   -22.557    -7.05    3.62
-148917.176   -26.025    -9.22    5.74
-148541.170   -29.157    -8.33    6.13
-148165.161   -32.417    -8.67    5.35
-147789.150   -35.124    -7.20    1.80
-147413.136   -35.542    -1.11    1.41
-147037.119   -35.547    -0.01    1.39
-146661.100   -35.097     1.20    1.37
-146285.078   -33.800     3.45    3.18
-145909.053   -30.070     9.92    6.39
-145533.025   -26.316     9.98    8.87
-145156.995   -20.239    16.16    8.94
-144780.962   -15.229    13.32    7.92
-144404.926    -9.289    15.80    6.11
-144028.887    -6.201     8.21    5.44
-143652.846    -3.530     7.10    6.25
-143276.802    -0.778     7.32    6.84
-142900.755     2.335     8.28    7.45
-142524.706     4.685     6.25    7.20
-142148.654     6.343     4.41    7.30
-141772.599     9.208     7.62    7.55
-141396.541    10.389     3.14    6.96
-141020.481    11.733     3.57    5.29
-140644.417    13.633     5.05    6.11
-140268.351    15.038     3.74    6.71
-139892.283    16.876     4.89    6.66
-139516.211    16.065    -2.16    9.30
-139140.137    14.659    -3.74   11.43
-138764.060    12.530    -5.66   11.46
-138387.980    10.660    -4.97    9.46
-138011.898     7.458    -8.52    8.69
-137635.813     6.580    -2.33    7.78
-137259.725     5.827    -2.00    8.23
-136883.634     5.475    -0.94    8.98
-136507.540     6.607     3.01    9.24
-136131.444    10.915    11.45   13.26
-135755.345    16.790    15.62   13.63
-135379.243    25.833    24.04   10.41
-135003.138    32.065    16.57    8.11
-134627.031    34.808     7.29    8.92
-134250.921    35.453     1.72    9.08
-133874.808    32.604    -7.57   11.67
-133498.692    30.876    -4.59   10.79
-133122.574    29.849    -2.73    9.41
-132746.452    29.290    -1.48    8.09
-132370.328    30.838     4.11    6.62
-131994.201    31.551     1.90    6.30
-131618.072    34.733     8.46    7.49
-131241.939    39.790    13.45    8.37
-130865.804    44.551    12.66    6.99
-130489.666    46.145     4.24    6.13
-130113.525    47.017     2.32    6.63
-129737.381    47.659     1.71    6.53
-129361.235    50.200     6.76    6.77
-128985.086    54.043    10.22    6.11
-128608.934    56.038     5.30    4.51
-128232.779    56.808     2.05    5.37
-127856.621    58.108     3.46    5.46
-127480.461    60.090     5.27    4.61
-127104.297    62.443     6.26    2.53
-126728.131    62.849     1.08    2.54
-126351.962    61.714    -3.02    4.90
-125975.790    57.133   -12.18    8.71
-125599.616    50.910   -16.54   12.43
-125223.439    38.183   -33.83   14.58
-124847.258    29.915   -21.98   10.50
-124471.075    29.281    -1.68    9.03
-124094.889    35.556    16.68   12.50
-123718.701    44.343    23.36   11.33
-123342.509    51.764    19.73    7.91
-122966.315    53.383     4.30    7.50
-122590.118    48.966   -11.74   10.90
-122213.918    38.551   -27.68   14.56
-121837.715    28.248   -27.39   14.43
-121461.509    22.608   -14.99   11.02
-121085.301    19.890    -7.22    7.64
-120709.089    21.660     4.70    8.17
-120332.875    22.254     1.58    7.69
-119956.658    19.254    -7.97    7.96
-119580.438    16.633    -6.97    7.23
-119204.216    18.021     3.69    7.47
-118827.990    23.383    14.25    9.02
-118451.762    29.786    17.02    9.40
-118075.530    34.633    12.88   10.12
-117699.296    40.043    14.38    8.70
-117323.059    42.817     7.37    6.73
-116946.819    43.633     2.17    5.81
-116570.577    42.119    -4.02    6.88
-116194.331    41.812    -0.82    6.87
-115818.083    41.160    -1.73    6.35
-115441.831    42.812     4.39    6.31
-115065.577    46.735    10.43    7.45
-114689.320    52.133    14.34    7.48
-114313.060    54.281     5.71    5.24
-113936.797    54.957     1.80    6.02
-113560.532    55.768     2.15    7.27
-113184.263    55.416    -0.93    7.20
-112807.992    57.883     6.55    6.94
-112431.717    58.786     2.40    6.49
-112055.440    59.453     1.77    6.87
-111679.160    61.238     4.74    7.03
-111302.877    62.761     4.05    7.68
-110926.591    63.735     2.59    6.79
-110550.303    65.633     5.04    6.44
-110174.011    68.714     8.19    7.71
-109797.716    70.504     4.76    7.81
-109421.419    70.327    -0.47    8.30
-109045.119    68.479    -4.91    9.24
-108668.816    67.171    -3.48   10.86
-108292.510    67.476     0.81   13.83
-107916.201    67.350    -0.33   15.37
-107539.889    65.876    -3.92   15.66
-107163.574    61.605   -11.35   13.84
-106787.256    58.849    -7.33   10.60
-106410.936    60.410     4.15   10.30
-106034.612    62.735     6.18    8.52
-105658.286    66.684    10.49    7.65
-105281.956    66.605    -0.21    8.54
-104905.624    69.094     6.61    9.46
-104529.289    74.068    13.22    8.70
-104152.951    75.453     3.68    8.49
-103776.610    76.497     2.77    7.97
-103400.266    75.889    -1.62    8.57
-103023.919    70.497   -14.33    8.40
-102648.085    66.001   -11.96    9.40
-102272.325    64.001    -5.32    8.04
-101896.561    61.508    -6.64    7.92
-101520.794    62.120     1.63   10.18
-101145.024    64.527     6.41    9.58
-100769.252    62.578    -5.19   11.52
-100393.476    54.146   -22.44   13.22
-100017.698    46.716   -19.77    8.64
 -99641.916    46.264    -1.20    9.52
 -99266.132    49.786     9.37   11.93
 -98890.345    57.795    21.31   10.96
 -98514.555    63.197    14.37    7.16
 -98138.761    65.940     7.30    6.54
 -97762.965    69.094     8.39    7.97
 -97387.166    69.930     2.22    9.40
 -97011.364    69.274    -1.75   10.61
 -96635.560    66.200    -8.18   11.76
 -96259.752    60.795   -14.38   12.37
 -95883.941    57.317    -9.25   10.65
 -95508.127    56.101    -3.23    8.73
 -95132.311    61.786    15.13   10.48
 -94756.491    66.475    12.47    9.90
 -94380.668    70.687    11.21   10.57
 -94004.843    73.343     7.07   10.22
 -93629.014    75.466     5.65    9.36
 -93253.183    79.369    10.39    9.69
 -92877.349    84.709    14.21   10.17
 -92501.511    89.741    13.39   10.18
 -92125.671    90.145     1.08    7.87
 -91749.827    88.068    -5.53    9.99
 -91373.981    83.299   -12.69   10.05
 -90998.132    78.768   -12.06    7.63
 -90622.280    78.222    -1.45    7.86
 -90246.425    78.497     0.73    7.75
 -89870.566    79.317     2.18    6.79
 -89494.705    79.281    -0.09    6.03
 -89118.841    75.976    -8.79    7.11
 -88742.974    71.838   -11.01    8.45
 -88367.104    66.527   -14.13    7.78
 -87991.231    63.966    -6.81    7.66
 -87615.355    64.402     1.16    7.65
 -87239.476    64.327    -0.20    7.44
 -86863.594    67.991     9.75    7.23
 -86487.709    71.896    10.39    7.78
 -86111.821    78.470    17.49   11.37
 -85735.930    87.966    25.26   15.81
 -85360.036    96.607    22.99   15.07
 -84984.139   101.709    13.57   11.95
 -84608.239    99.188    -6.71   13.40
 -84232.336    94.248   -13.14   13.23
 -83856.430    91.119    -8.32   12.49
 -83480.521    88.685    -6.47   12.63
 -83104.609    84.714   -10.56   14.28
 -82728.694    78.309   -17.04   15.20
 -82352.776    71.863   -17.15   15.03
 -81976.854    67.504   -11.60   11.94
 -81600.930    63.633   -10.30    9.80
 -81225.003    64.761     3.00   10.32
 -80849.073    64.133    -1.67   10.35
 -80473.140    62.427    -4.54    9.13
 -80097.204    60.709    -4.57    8.76
 -79721.265    60.551    -0.42    7.70
 -79345.323    67.001    17.16   12.98
 -78969.377    75.427    22.41   19.53
 -78593.429    82.852    19.75   27.90
 -78217.478    91.299    22.47   32.06
 -77841.524    94.530     8.59   31.53
 -77465.566    96.685     5.73   29.65
 -77089.606    96.524    -0.43   24.94
 -76713.642    92.092   -11.79   25.92
 -76337.676    82.547   -25.39   29.25
 -75961.707    71.761   -28.69   23.95
 -75585.734    64.120   -20.32   14.90
 -75209.758    62.938    -3.14   12.38
 -74833.780    65.402     6.55   13.18
 -74457.798    66.549     3.05   16.16
 -74081.813    66.556     0.02   14.80
 -73705.826    71.094    12.07   15.12
 -73329.835    74.054     7.87   13.35
 -72953.841    76.133     5.53   14.33
 -72577.844    76.043    -0.24   14.82
 -72201.844    77.308     3.36   14.27
 -71825.841    78.173     2.30   13.84
 -71449.835    77.325    -2.26   12.52
 -71073.826    74.396    -7.79   10.77
 -70697.814    73.957    -1.17    9.25
 -70321.798    74.443     1.29    8.52
 -69945.780    74.261    -0.48    7.65
 -69569.758    76.145     5.01    8.40
 -69193.734    79.308     8.41    7.83
 -68817.706    81.443     5.68    7.25
 -68441.676    82.274     2.21    7.13
 -68065.642    84.077     4.80    6.29
 -67689.605    84.501     1.13    5.84
 -67313.565    83.735    -2.04    6.41
 -66937.522    81.501    -5.94    6.44
 -66561.476    77.396   -10.92    5.34
 -66185.427    75.299    -5.57    4.95
 -65809.375    73.908    -3.70    6.00
 -65433.319    72.065    -4.90    8.02
 -65057.261    70.094    -5.24    8.79
 -64681.199    68.106    -5.29    9.64
 -64305.135    66.714    -3.70   10.97
 -63929.067    62.389   -11.50   10.98
 -63552.996    58.775    -9.61    6.68
 -63176.922    58.171    -1.61    8.20
 -62800.845    58.483     0.83   10.48
 -62424.765    58.362    -0.32   10.64
 -62048.682    56.017    -6.24    9.16
 -61672.596    53.299    -7.23    7.93
 -61296.506    49.106   -11.15    5.25
 -60920.414    47.197    -5.08    4.15
 -60544.318    47.054    -0.38    4.27
 -60168.219    48.580     4.06    7.60
 -59792.117    50.222     4.37    9.62
 -59416.012    49.858    -0.97   10.72
 -59039.904    48.173    -4.48   11.58
 -58663.793    45.733    -6.49   10.33
 -58287.679    44.402    -3.54    8.70
 -57911.561    45.389     2.63   10.23
 -57535.441    45.038    -0.93   12.35
 -57159.317    43.133    -5.07   10.34
 -56783.190    40.761    -6.31    6.34
 -56407.060    40.958     0.52    7.97
 -56030.927    40.355    -1.60    8.29
 -55654.791    39.733    -1.65    7.64
 -55278.651    40.659     2.46   10.15
 -54902.509    41.633     2.59   11.19
 -54526.363    44.479     7.57   12.90
 -54150.214    42.975    -4.00   11.38
 -53774.062    40.290    -7.14   10.34
 -53397.907    37.211    -8.19    7.11
 -53021.749    35.908    -3.47    6.20
 -52645.587    37.470     4.15    6.65
 -52269.423    38.083     1.63    6.78
 -51893.255    37.554    -1.41    7.12
 -51517.084    37.716     0.43    7.27
 -51140.910    34.930    -7.41    7.30
 -50764.733    31.827    -8.25    6.98
 -50388.552    30.581    -3.31    6.61
 -50012.369    28.933    -4.38    5.83
 -49636.182    27.578    -3.60    4.96
 -49259.992    27.633     0.14    5.38
 -48883.799    28.685     2.80    4.85
 -48507.603    29.448     2.03    4.20
 -48131.404    28.027    -3.78    4.98
 -47755.201    26.556    -3.91    4.64
 -47378.995    24.606    -5.18    4.21
 -47002.786    22.497    -5.61    3.74
 -46626.574    20.708    -4.76    3.51
 -46250.359    19.200    -4.01    3.00
 -45874.141    18.758    -1.18    2.49
 -45497.919    19.376     1.64    3.42
 -45121.694    21.410     5.41    4.95
 -44745.466    24.011     6.91    5.88
 -44369.235    27.849    10.20    7.90
 -43993.001    29.530     4.47    8.12
 -43616.763    30.083     1.47    7.92
 -43240.522    30.092     0.03    7.07
 -42864.278    32.533     6.49    8.45
 -42488.031    36.376    10.22    8.27
 -42111.781    39.133     7.33    6.17
 -41735.527    41.448     6.15    4.88
 -41359.271    42.299     2.26    5.07
 -40983.011    45.527     8.58    5.90
 -40606.748    49.494    10.54    6.95
 -40230.481    50.556     2.82    7.99
 -39854.212    49.633    -2.45    8.73
 -39477.939    46.783    -7.57    9.72
 -39101.663    40.940   -15.53   10.24
 -38725.384    37.490    -9.17    9.72
 -38349.101    33.092   -11.69    7.99
 -37972.816    30.119    -7.90    7.13
 -37596.527    29.527    -1.57    6.28
 -37220.235    30.402     2.32    6.51
 -36843.939    33.160     7.33    6.59
 -36467.641    32.950    -0.56    7.19
 -36091.339    29.915    -8.07    7.65
 -35715.034    26.578    -8.87    6.55
 -35338.726    25.248    -3.54    4.94
 -34962.414    25.817     1.51    5.30
 -34586.099    28.889     8.16    6.64
 -34209.781    31.744     7.59    6.95
 -33833.460    33.043     3.45    7.30
 -33457.136    33.687     1.71    5.62
 -33080.808    33.940     0.67    3.71
 -32704.477    35.333     3.70    4.54
 -32328.143    37.175     4.90    5.83
 -31951.806    40.957    10.05    5.60
 -31575.465    43.281     6.18    4.89
 -31199.121    43.984     1.87    6.31
 -30822.774    42.119    -4.96    7.98
 -30446.424    41.633    -1.29    8.33
 -30070.070    37.208   -11.76    8.33
 -29693.713    34.556    -7.05    7.91
 -29317.353    30.903    -9.71    7.59
 -28940.989    27.068   -10.19    7.11
 -28564.623    25.422    -4.37    6.52
 -28188.253    22.427    -7.96    5.36
 -27812.049    21.227    -3.19    5.71
 -27436.331    19.581    -4.38    4.62
 -27060.610    19.021    -1.49    3.80
 -26684.885    18.889    -0.35    4.44
 -26309.157    17.683    -3.21    5.21
 -25933.426    15.633    -5.46    5.10
 -25557.692    14.741    -2.37    3.91
 -25181.955    16.227     3.96    5.16
 -24806.214    19.159     7.80    6.24
 -24430.470    23.308    11.04    6.68
 -24054.723    26.795     9.28    6.70
 -23678.972    30.583    10.08    5.97
 -23303.218    34.248     9.75    6.71
 -22927.461    37.633     9.01    7.87
 -22551.701    42.684    13.44    9.68
 -22175.937    46.238     9.46    8.99
 -21800.170    49.274     8.08    9.77
 -21424.400    49.200    -0.20   10.29
 -21048.626    45.248   -10.52   12.40
 -20672.849    38.688   -17.46   13.66
 -20297.069    31.607   -18.84    7.07
 -19921.286    30.479    -3.00    6.88
 -19545.499    29.368    -2.96    6.75
 -19169.709    27.741    -4.33    7.24
 -18793.916    25.795    -5.18    8.23
 -18418.119    22.001   -10.10    6.91
 -18042.319    19.343    -7.07    6.38
 -17666.516    16.768    -6.85    6.36
 -17290.710    16.315    -1.20    6.02
 -16914.900    16.145    -0.45    6.09
 -16539.087    19.027     7.67    7.56
 -16163.270    23.790    12.67    8.27
 -15787.450    27.659    10.29    8.19
 -15411.627    32.325    12.42    7.93
 -15035.801    34.133     4.81    6.64
 -14659.971    35.658     4.06    7.29
 -14284.138    40.938    14.05   10.22
 -13908.302    44.427     9.28   10.77
 -13532.462    46.556     5.66    9.67
 -13156.619    50.664    10.93   11.34
 -12780.773    50.849     0.49   13.10
 -12404.923    49.119    -4.60   12.51
 -12029.070    47.264    -4.94   11.69
 -11653.214    43.396   -10.29    7.62
 -11277.354    41.551    -4.91    7.35
 -10901.491    38.350    -8.52    7.32
 -10525.625    34.863    -9.28    7.01
 -10149.756    32.317    -6.78    7.35
  -9773.883    30.443    -4.98    5.25
  -9398.006    30.080    -0.97    5.89
  -9022.127    33.171     8.22    7.59
  -8646.244    37.244    10.83    7.71
  -8270.357    42.043    12.77    7.54
  -7894.467    46.716    12.43    6.85
  -7518.574    49.274     6.80    5.94
  -7142.678    49.427     0.41    6.73
  -6766.778    47.258    -5.77    8.85
  -6390.875    43.580    -9.78    9.26
  -6014.969    40.633    -7.84    8.65
  -5639.059    39.038    -4.24    9.00
  -5263.146    37.145    -5.03    8.21
  -4887.229    34.551    -6.90    8.70
  -4511.309    31.633    -7.76    8.62
  -4135.386    26.427   -13.85    7.83
  -3759.459    21.991   -11.80    8.03
  -3383.529    16.497   -14.61    8.43
  -3007.596    11.068   -14.44    7.39
  -2631.659     8.094    -7.91    5.85
  -2255.719     6.244    -4.92    3.64
  -1879.775     5.068    -3.13    3.45
  -1503.828     3.741    -3.53    4.45
  -1127.878     2.396    -3.58    4.23
   -751.924     1.633    -2.03    4.01
   -375.967     0.726    -2.41    3.05
     -0.007     0.527    -0.53    2.49
    375.957     0.264    -0.70    1.60
    751.924     0.795     1.41    1.74
   1127.895     2.094     3.46    2.62
   1503.869     4.092     5.31    4.54
   1879.846     6.991     7.71    6.88
   2255.827     9.145     5.73    7.59
   2631.811    11.171     5.39    8.49
   3007.799    11.984     2.16    8.82
   3383.790    13.376     3.70    9.05
   3759.784    13.145    -0.61    7.30
   4135.782    13.494     0.93    6.08
   4511.783    14.350     2.28    5.19
   4887.788    15.038     1.83    5.34
   5263.796    16.843     4.80    6.42
   5639.807    20.427     9.53    8.70
   6015.822    25.789    14.26    9.40
   6391.841    31.080    14.07    8.77
   6767.862    35.054    10.57    8.21
   7143.887    38.578     9.37    7.01
   7519.916    39.376     2.12    6.65
   7895.948    40.038     1.76    6.65
   8271.983    38.684    -3.60    7.27
   8648.022    36.581    -5.59    7.65
   9024.064    33.402    -8.46    6.64
   9400.110    31.687    -4.56    5.44
   9776.159    31.915     0.61    6.98
  10152.212    32.248     0.89    7.17
  10528.268    33.494     3.31    7.58
  10904.327    31.889    -4.27    6.47
  11280.390    31.660    -0.61    5.59
  11656.456    33.027     3.64    7.09
  12032.526    32.402    -1.66    8.15
  12408.599    32.289    -0.30    7.83
  12784.676    33.043     2.00    7.35
  13160.756    32.376    -1.77    7.44
  13536.840    32.633     0.68    7.36
  13912.927    35.094     6.55    9.02
  14289.017    39.389    11.42   10.65
  14665.111    45.863    17.21   10.78
  15041.208    51.735    15.61   11.33
  15417.309    56.735    13.29   11.20
  15793.413    60.080     8.89   11.92
  16169.521    61.043     2.56   12.94
  16545.632    60.120    -2.45   12.30
  16921.747    57.714    -6.40   12.02
  17297.865    55.094    -6.96   10.15
  17673.987    53.065    -5.39    8.91
  18050.112    53.685     1.65    7.85
  18426.240    54.786     2.93    8.01
  18802.372    55.320     1.42    7.51
  19178.508    57.684     6.28    7.53
  19554.647    59.838     5.73    7.97
  19930.789    63.876    10.74    7.76
  20306.935    66.325     6.51    6.24
  20683.085    67.660     3.55    5.84
  21059.238    67.658    -0.00    5.88
  21435.394    65.684    -5.25    6.46
  21811.554    61.038   -12.35    9.60
  22187.717    56.274   -12.67    9.19
  22563.884    54.427    -4.91    7.35
  22940.055    57.248     7.50    9.00
  23316.229    64.470    19.20    8.48
  23692.406    67.863     9.02    7.46
  24068.587    64.416    -9.16   10.42
  24444.771    57.896   -17.33   11.05
  24820.959    53.501   -11.68    8.30
  25197.151    53.570     0.18    8.20
  25573.345    56.658     8.21    8.37
  25949.544    61.711    13.43    8.38
  26325.746    62.119     1.08    7.98
  26701.951    59.197    -7.77    8.53
  27078.160    58.577    -1.65    7.74
  27454.373    58.427    -0.40    6.67
  27830.589    59.043     1.64    7.70
  28206.808    59.551     1.35    7.61
  28583.031    58.607    -2.51    7.02
  28959.258    58.017    -1.57    6.60
  29335.488    57.402    -1.64    6.08
  29711.721    58.984     4.21    5.88
  30087.959    61.017     5.40    5.99
  30464.199    62.741     4.58    5.81
  30840.443    64.948     5.87    5.06
  31216.691    66.422     3.92    4.93
  31592.942    66.070    -0.94    4.59
  31969.197    66.556     1.29    5.15
  32345.456    69.527     7.90    8.99
  32721.718    72.011     6.60   10.29
  33097.983    71.607    -1.07    9.15
  33474.252    72.188     1.54    7.68
  33850.524    73.299     2.95    6.33
  34226.801    73.145    -0.41    5.91
  34603.080    71.146    -5.31    6.74
  34979.363    69.043    -5.59    6.81
  35355.650    68.761    -0.75    7.21
  35731.940    73.581    12.81    9.83
  36108.234    81.146    20.10    7.31
  36484.532    84.376     8.58    5.51
  36860.833    82.930    -3.84    8.17
  37237.137    78.578   -11.56   10.37
  37613.445    73.524   -13.43   10.15
  37989.757    69.633   -10.34    8.11
  38366.072    69.479    -0.41    8.91
  38742.391    68.711    -2.04    9.47
  39118.713    68.741     0.08    9.51
  39495.039    68.185    -1.48    7.87
  39871.369    67.994    -0.51    6.40
  40247.702    69.369     3.66    6.02
  40624.039    70.786     3.77    5.47
  41000.379    73.389     6.92    8.08
  41376.723    78.812    14.41   10.61
  41753.070    85.501    17.77   10.24
  42129.421    88.185     7.13    8.08
  42505.776    88.389     0.54    6.63
  42882.134    85.308    -8.19    7.21
  43258.496    83.065    -5.96    8.23
  43634.861    81.741    -3.52    8.58
  44011.230    80.389    -3.59    7.57
  44387.603    80.947     1.48    6.23
  44763.979    80.145    -2.13    5.13
  45140.359    79.607    -1.43    4.55
  45516.742    79.188    -1.11    4.98
  45893.129    78.768    -1.12    4.53
  46269.520    80.271     4.00    4.95
  46645.914    80.738     1.24    4.89
  47022.312    82.358     4.30    4.65
  47398.248    82.633     0.73    4.12
  47773.929    83.940     3.48    4.01
  48149.614    85.580     4.36    3.75
  48525.303    87.915     6.21    4.42
  48900.995    90.768     7.59    4.70
  49276.691    92.758     5.30    4.83
  49652.390    94.173     3.77    4.23
  50028.093    95.281     2.95    4.02
  50403.800    96.227     2.52    3.84
  50779.510    97.661     3.82    3.83
  51155.224   100.735     8.18    5.58
  51530.941   103.838     8.26    6.24
  51906.662   107.244     9.07    7.93
  52282.387   111.527    11.40    8.16
  52658.115   111.688     0.43    7.68
  53033.847   110.290    -3.72    7.53
  53409.583   104.833   -14.53    9.08
  53785.322    99.065   -15.35    9.20
  54161.065    95.068   -10.64    9.82
  54536.811    91.948    -8.30   11.39
  54912.561    90.068    -5.00   12.03
  55288.315    91.822     4.67   14.57
  55664.072    92.608     2.09   13.13
  56039.833    92.335    -0.72   11.93
  56415.598    92.200    -0.36   10.93
  56791.366    89.795    -6.40    8.40
  57167.138    87.780    -5.36    6.47
  57542.914    87.812     0.09    5.05
  57918.693    91.248     9.14    7.27
  58294.476    95.021    10.04    8.36
  58670.262   101.896    18.29    8.97
  59046.052   107.355    14.53    8.57
  59421.846   110.580     8.58    8.01
  59797.644   113.402     7.51    7.83
  60173.445   112.227    -3.13    8.07
  60549.249   109.376    -7.59    9.40
  60925.058   106.120    -8.67   10.23
  61300.870   101.258   -12.94    9.35
  61676.686    99.524    -4.61    7.95
  62052.505   101.308     4.74    9.46
  62428.328   104.389     8.20   10.79
  62804.155   107.038     7.05    9.59
  63179.986   107.146     0.29    8.98
  63555.820   106.250    -2.38    8.09
  63931.658   104.633    -4.30    8.78
  64307.499   103.120    -4.03    7.24
  64683.344   105.160     5.43    9.46
  65059.193   112.556    19.68   14.33
  65435.046   118.716    16.39   13.47
  65810.902   125.343    17.63    9.57
  66186.762   127.530     5.82    7.05
  66562.625   127.362    -0.45    7.78
  66938.493   127.350    -0.03    8.74
  67314.364   125.966    -3.68    8.84
  67690.238   123.983    -5.28    7.51
  68066.117   122.822    -3.09    6.72
  68441.999   118.508   -11.48    8.40
  68817.885   114.930    -9.52    6.86
  69193.774   114.281    -1.73    7.94
  69569.667   115.416     3.02    9.02
  69945.564   118.044     6.99    7.72
  70321.465   116.812    -3.28    7.83
  70697.369   115.475    -3.56    7.31
  71073.277   114.077    -3.72    5.69
  71449.189   112.607    -3.91    6.43
  71825.104   109.994    -6.95    7.40
  72201.023   109.948    -0.12    7.84
  72576.946   107.402    -6.77    7.07
  72952.873   107.578     0.47    7.31
  73328.803   110.120     6.76    6.67
  73704.737   110.735     1.64    5.98
  74080.675   111.308     1.52    5.62
  74456.616   110.930    -1.00    5.34
  74832.562   108.483    -6.51    6.16
  75208.511   105.362    -8.30    6.03
  75584.463   102.200    -8.41    6.13
  75960.420    99.687    -6.69    5.56
  76336.380    99.603    -0.22    6.02
  76712.344   101.735     5.67    6.43
  77088.311   104.369     7.01    5.53
  77464.283   104.855     1.29    5.31
  77840.258   104.761    -0.25    6.19
  78216.237   104.605    -0.41    6.46
  78592.219   104.475    -0.35    6.53
  78968.206   105.838     3.63    5.87
  79344.196   105.362    -1.26    5.98
  79720.190   103.248    -5.62    7.19
  80096.187    99.684    -9.48    7.22
  80472.188    96.108    -9.51    6.26
  80848.194    95.849    -0.69    6.28
  81224.202    97.358     4.01    6.05
  81600.215    97.551     0.52    5.80
  81976.232    98.930     3.67    7.49
  82352.252    98.930     0.00    8.86
  82728.276   102.544     9.61   11.75
  83104.303   107.581    13.40   15.10
  83480.335   106.922    -1.75   14.30
  83856.370   107.466     1.45   10.96
  84232.409   109.197     4.60   10.99
  84608.452   114.938    15.27   13.40
  84984.498   121.396    17.17   16.24
  85360.549   126.094    12.49   15.23
  85736.603   129.335     8.62   14.86
  86112.661   133.145    10.13   15.33
  86488.723   135.504     6.27   16.85
  86864.788   137.983     6.59   17.02
  87240.857   140.470     6.62   13.47
  87616.930   145.508    13.39   15.33
  87993.007   152.200    17.80   15.14
  88369.088   156.254    10.78   13.35
  88745.172   152.660    -9.56   12.71
  89121.261   144.905   -20.62   12.54
  89497.353   137.222   -20.43   10.48
  89873.448   131.274   -15.82    8.96
  90249.548   126.410   -12.93    8.92
  90625.652   121.817   -12.21    9.27
  91001.759   118.660    -8.39    7.34
  91377.870   115.764    -7.70    7.91
  91753.985   115.325    -1.17    9.81
  92130.103   112.173    -8.38   12.04
  92506.226   107.915   -11.32   10.75
  92882.352   107.633    -0.75   15.03
  93258.482   108.233     1.60   19.00
  93634.616   108.578     0.92   20.44
  94010.754   111.608     8.05   20.83
  94386.896   116.497    13.00   22.48
  94763.041   118.984     6.61   24.84
  95139.190   118.605    -1.01   23.00
  95515.343   108.691   -26.36   21.55
  95891.500    99.274   -25.04   13.92
  96267.661    96.761    -6.68    9.88
  96643.826    97.822     2.82    7.22
  97019.994    96.080    -4.63    7.24
  97396.166    93.521    -6.80    8.79
  97772.342    89.396   -10.97    9.92
  98148.522    87.008    -6.35   10.90
  98524.706    85.957    -2.79   11.10
  98900.894    82.761    -8.50   10.16
  99277.085    78.054   -12.51   10.03
  99653.280    73.043   -13.32    9.41
 100029.480    67.389   -15.03    7.53
 100405.683    64.283    -8.26    6.71
 100781.889    61.876    -6.40    5.86
 101158.100    60.795    -2.87    5.74
 101534.315    60.741    -0.14    6.42
 101910.533    61.547     2.14    9.06
 102286.755    62.581     2.75    9.01
 102662.982    64.530     5.18    9.11
 103039.212    66.092     4.15    8.36
 103415.445    69.768     9.77    8.16
 103791.683    71.688     5.10    8.07
 104167.925    74.396     7.20    7.39
 104544.170    77.983     9.53    7.56
 104920.420    80.416     6.47    7.91
 105296.673    84.658    11.27    8.42
 105672.930    88.659    10.63    7.73
 106049.191    91.581     7.77    6.62
 106425.456    90.957    -1.66    7.52
 106801.725    88.783    -5.78    7.92
 107177.997    85.922    -7.60    6.98
 107554.274    87.633     4.55    8.11
 107930.554    90.335     7.18    8.95
 108306.839    94.188    10.24   11.68
 108683.127    97.145     7.86   11.37
 109059.419   100.709     9.47   10.40
 109435.715   102.327     4.30    9.38
 109812.015   102.470     0.38    8.48
 110188.319   103.768     3.45    8.78
 110564.626   108.948    13.77   10.11
 110940.938   114.358    14.37   10.86
 111317.253   117.633     8.70    9.57
 111693.573   115.504    -5.66   10.61
 112069.896   111.975    -9.38   11.29
 112446.223   107.145   -12.83   10.19
 112822.554   100.416   -17.88    7.15
 113198.889    97.108    -8.79    6.58
 113575.228    93.001   -10.91    6.54
 113951.571    89.355    -9.69    5.85
 114327.918    86.896    -6.53    5.82
 114704.269    84.466    -6.46    5.45
 115080.623    81.735    -7.26    5.88
 115456.982    78.761    -7.90    7.03
 115833.344    76.410    -6.25    6.67
 116209.711    75.930    -1.28    5.71
 116586.081    75.903    -0.07    5.64
 116962.456    77.092     3.16    5.86
 117338.834    79.458     6.29    6.12
 117715.216    80.281     2.19    6.77
 118091.602    80.299     0.05    6.54
 118467.992    81.094     2.11    6.27
 118844.386    82.607     4.02    7.52
 119220.784    87.308    12.49   11.21
 119597.186    89.633     6.18   11.51
 119973.592    90.080     1.19   11.87
 120350.001    88.383    -4.51   12.77
 120726.415    86.145    -5.94   10.45
 121102.833    88.049     5.06    9.60
 121479.254    89.504     3.87    6.84
 121855.680    90.068     1.50    5.48
 122232.083    88.191    -4.99    6.90
 122607.724    84.281   -10.41    6.49
 122983.369    81.741    -6.76    4.59
 123359.018    82.711     2.58    5.66
 123734.672    83.383     1.79    5.43
 124110.329    83.741     0.95    5.34
 124485.990    81.242    -6.65    6.40
 124861.655    76.991   -11.32    6.71
 125237.323    73.197   -10.10    5.76
 125612.996    69.984    -8.55    4.49
 125988.673    67.043    -7.83    5.19
 126364.354    63.869    -8.45    7.11
 126740.039    60.744    -8.32    7.31
 127115.727    57.530    -8.55    5.50
 127491.420    53.994    -9.41    5.62
 127867.117    52.889    -2.94    5.34
 128242.817    53.581     1.84    6.37
 128618.522    57.188     9.60    7.50
 128994.231    59.389     5.86    6.31
 129369.943    57.335    -5.47    7.05
 129745.660    53.396   -10.49    7.63
 130121.380    51.008    -6.36    6.98
 130497.105    51.038     0.08    8.37
 130872.833    52.708     4.44    9.10
 131248.565    52.159    -1.46    8.80
 131624.302    48.606    -9.46    8.97
 132000.042    42.281   -16.83    7.35
 132375.787    37.350   -13.12    6.14
 132751.535    34.396    -7.86    4.68
 133127.287    32.716    -4.47    2.93
 133503.044    34.396     4.47    4.35
 133878.804    37.633     8.61    6.50
 134254.568    40.863     8.60    7.42
 134630.337    44.812    10.51    6.35
 135006.109    47.930     8.30    5.82
 135381.886    50.173     5.97    5.32
 135757.666    51.687     4.03    5.41
 136133.450    51.453    -0.62    5.74
 136509.239    49.283    -5.78    6.59
 136885.031    47.822    -3.89    5.36
 137260.827    48.683     2.29    5.53
 137636.628    50.975     6.10    5.30
 138012.432    54.790    10.15    6.65
 138388.241    56.741     5.19    5.83
 138764.053    56.558    -0.49    6.21
 139139.870    57.764     3.21    6.23
 139515.690    57.822     0.15    6.61
 139891.515    61.001     8.46    5.68
 140267.343    59.438    -4.16    6.58
 140643.176    55.940    -9.31    6.88
 141019.013    51.222   -12.55    7.39
 141394.853    46.281   -13.15    6.44
 141770.698    43.578    -7.19    5.42
 142146.547    42.389    -3.16    4.73
 142522.400    42.068    -0.85    4.36
 142898.256    43.218     3.06    4.30
 143274.117    43.524     0.82    3.53
 143649.982    46.108     6.87    4.00
 144025.851    48.133     5.39    4.03
 144401.724    50.975     7.56    4.42
 144777.601    53.957     7.93    5.15
 145153.482    57.583     9.65    5.80
 145529.367    60.443     7.61    5.16
 145905.257    63.580     8.34    5.40
 146281.150    66.120     6.76    5.30
 146657.047    70.092    10.57    6.71
 147032.948    73.812     9.90    6.50
 147408.854    77.120     8.80    5.59
 147784.763    78.362     3.31    5.24
 148160.677    79.119     2.01    5.44
 148536.595    81.092     5.25    6.18
 148912.516    82.889     4.78    6.95
 149288.442    85.584     7.17    6.41
 149664.372    85.389    -0.52    7.68
 150040.306    82.183    -8.53    8.63
 150416.244    79.027    -8.39    9.15
 150792.186    76.248    -7.39    9.17
 151168.132    77.580     3.54   11.94
 151544.082    82.633    13.44   16.27
 151920.037    87.578    13.16   15.05
 152295.995    88.896     3.50   13.82
 152671.957    83.761   -13.66   15.62
 153047.924    73.549   -27.16   12.93
 153423.895    66.376   -19.08   10.28
 153799.870    59.607   -18.01    6.98
 154175.848    54.416   -13.81    6.85
 154551.831    47.416   -18.62    8.10
 154927.818    42.281   -13.66    7.92
 155303.810    37.581   -12.50    4.94
 155679.805    36.072    -4.02    2.51
 156055.804    36.524     1.20    2.79
 156431.808    38.333     4.81    5.10
 156807.815    39.501     3.11    5.30
 157183.827    39.094    -1.08    3.77
 157559.843    40.504     3.75    5.27
 157935.863    41.017     1.36    5.76
 158311.887    42.438     3.78    5.66
 158687.915    44.159     4.58    5.56
 159063.947    45.709     4.12    6.40
 159439.983    47.549     4.89    6.92
 159816.024    49.581     5.40    6.97
 160192.068    50.658     2.86    6.60
 160568.117    51.497     2.23    6.62
 160944.170    53.146     4.38    6.14
 161320.227    54.308     3.09    6.31
 161696.288    55.658     3.59    5.71
 162072.353    56.958     3.46    5.28
 162448.423    57.633     1.79    5.87
 162824.496    59.383     4.65    6.32
 163200.574    62.448     8.15    6.55
 163576.656    63.940     3.97    6.42
 163952.742    66.556     6.95    6.71
 164328.832    69.527     7.90    7.45
 164704.926    74.524    13.29    9.01
 165081.025    78.001     9.24    8.06
 165457.127    80.433     6.47    6.68
 165833.234    83.119     7.14    6.36
 166209.345    86.991    10.30    7.12
 166585.460    93.080    16.19    8.25
 166961.579    98.335    13.97    7.79
 167337.702   100.605     6.04    7.00
 167713.830   101.092     1.29    6.69
 168089.961    98.889    -5.86    7.76
 168466.097    96.233    -7.06    8.27
 168842.237    96.227    -0.01    9.23
 169218.381    95.183    -2.78    7.77
 169594.530    95.159    -0.06    7.35
 169970.682    95.915     2.01    6.09
 170346.839    93.068    -7.57    7.24
 170723.000    88.817   -11.30    8.87
 171099.165    83.185   -14.97   10.23
 171475.334    76.017   -19.06    9.26
 171851.507    69.008   -18.63    7.17
 172227.685    64.633   -11.63    6.23
 172603.866    62.883    -4.65    5.86
 172980.052    62.197    -1.82    4.54
 173356.242    64.633     6.48    7.25
 173732.437    69.119    11.93    6.11
 174108.635    70.633     4.02    4.95
 174484.838    68.958    -4.45    5.79
 174861.045    67.133    -4.85    4.95
 175237.256    66.660    -1.26    4.23
 175613.471    66.233    -1.14    5.05
 175989.691    66.080    -0.41    4.98
 176365.914    66.479     1.06    5.40
 176742.142    68.530     5.45    6.81
 177118.374    72.317    10.07    6.69
 177494.611    74.396     5.53    5.99
 177870.851    72.264    -5.67    7.79
 178247.096    66.983   -14.04    9.43
 178623.345    60.119   -18.24    7.69
 178999.598    56.733    -9.00    5.67
 179375.855    55.684    -2.79    6.26
 179752.117    55.799     0.31    7.11
 180128.383    56.822     2.72    7.08
 180504.653    56.308    -1.36    6.11
 180880.927    54.171    -5.68    6.93
 181257.206    52.733    -3.82    5.93
 181633.488    51.133    -4.25    4.96
 182009.775    48.683    -6.51    5.42
 182386.066    46.554    -5.66    5.27
 182762.362    44.883    -4.44    5.42
 183138.662    44.325    -1.48    5.88
 183514.965    44.133    -0.51    5.55
 183891.274    43.527    -1.61    4.22
 184267.586    42.817    -1.89    3.04
 184643.903    42.583    -0.62    2.86
 185020.223    43.011     1.14    3.29
 185396.549    44.267     3.34    3.72
 185772.878    46.479     5.88    3.74
 186149.211    49.389     7.73    4.51
 186525.549    53.011     9.62    5.73
 186901.891    57.795    12.71    6.09
 187278.238    59.325     4.07    7.23
 187654.588    60.479     3.07    8.37
 188030.943    61.299     2.18    8.05
 188407.302    61.607     0.82    7.85
 188783.666    62.422     2.17    7.74
 189160.034    62.524     0.27    7.57
 189536.406    63.283     2.01    7.32
 189912.782    64.290     2.68    7.46
 190289.162    63.966    -0.86    5.95
 190665.547    64.738     2.05    4.74
 191041.936    66.383     4.37    5.30
 191418.329    69.119     7.27    6.84
 191794.727    72.047     7.78    8.80
 192171.129    76.222    11.09    8.87
 192547.535    79.938     9.87    8.08
 192923.945    82.038     5.58    7.58
 193300.360    84.524     6.61    7.58
 193676.779    86.607     5.53    6.56
 194053.202    87.966     3.61    5.61
 194429.630    88.061     0.25    5.14
 194806.062    90.376     6.15    8.18
 195182.498    97.106    17.88   14.28
 195558.939   104.092    18.56   15.28
 195935.383   109.068    13.22   12.48
 196311.832   110.080     2.69   10.38
 196688.286   107.504    -6.84    8.54
 197064.744   104.043    -9.20    4.73
 197440.837   101.453    -6.89    5.90
 197816.440    96.605   -12.91    9.30
 198192.047    91.808   -12.77   10.67
 198567.659    86.453   -14.26    9.41
 198943.275    82.216   -11.28    9.27
 199318.895    80.038    -5.80    8.46
 199694.520    80.389     0.94    7.74
 200070.148    79.940    -1.20    7.43
 200445.781    79.453    -1.30    7.33
 200821.419    75.994    -9.21    8.39
 201197.061    72.817    -8.46    8.10
 201572.707    69.822    -7.97    6.82
 201948.357    67.011    -7.48    6.55
 202324.012    62.333   -12.45    7.63
 202699.671    59.173    -8.41    6.46
 203075.334    56.684    -6.63    5.46
 203451.001    56.422    -0.70    4.70
 203826.673    59.735     8.82    5.82
 204202.349    63.633    10.38    5.26
 204578.030    67.408    10.05    4.83
 204953.715    70.527     8.30    5.49
 205329.404    73.577     8.12    5.95
 205705.098    77.389    10.15    5.86
 206080.795    80.389     7.99    5.05
 206456.497    79.658    -1.95    5.25
 206832.204    77.248    -6.42    6.47
 207207.915    73.416   -10.20    7.32
 207583.630    67.578   -15.54    8.09
 207959.349    64.903    -7.12    6.80
 208335.073    63.738    -3.10    6.30
 208710.801    63.658    -0.21    5.23
 209086.534    63.849     0.51    4.51
 209462.271    62.068    -4.74    3.52
 209838.012    62.290     0.59    4.10
 210213.758    65.120     7.53    5.96
 210589.508    69.470    11.58    7.15
 210965.262    73.208     9.95    6.59
 211341.020    74.054     2.25    5.91
 211716.783    73.984    -0.19    6.12
 212092.551    74.054     0.19    6.40
 212468.322    75.994     5.16    7.54
 212844.098    79.197     8.52    7.25
 213219.879    83.427    11.26    7.18
 213595.664    85.883     6.53    7.41
 213971.453    88.119     5.95    6.92
 214347.246    91.466     8.91    7.26
 214723.044    94.068     6.93    7.02
 215098.846    97.193     8.32    7.30
 215474.653    97.957     2.03    7.42
 215850.464    96.274    -4.48    7.23
 216226.279    97.238     2.57    7.00
 216602.099    99.369     5.67    7.29
 216977.923   101.578     5.88    6.74
 217353.752   100.308    -3.38    7.37
 217729.585    95.362   -13.16   10.39
 218105.422    88.930   -17.12    9.10
 218481.264    86.479    -6.52    6.65
 218857.110    85.910    -1.51    6.24
 219232.960    86.709     2.13    6.57
 219608.815    82.991    -9.89   10.08
 219984.674    78.065   -13.11   10.08
 220360.538    70.254   -20.78    8.63
 220736.406    65.188   -13.48    5.95
 221112.279    62.889    -6.12    5.33
 221488.155    59.779    -8.27    5.51
 221864.037    56.551    -8.59    5.90
 222239.922    52.758   -10.09    5.22
 222615.812    50.264    -6.63    3.29
 222991.707    49.145    -2.98    3.00
 223367.606    48.764    -1.01    3.09
 223743.509    49.735     2.58    3.31
 224119.417    49.660    -0.20    3.08
 224495.329    52.106     6.51    4.99
 224871.246    54.453     6.24    5.98
 225247.167    54.938     1.29    6.21
 225623.092    55.530     1.57    5.72
 225999.022    55.817     0.76    5.34
 226374.956    58.092     6.05    6.53
 226750.895    63.146    13.44    8.01
 227126.838    67.744    12.23    6.97
 227502.786    71.504    10.00    6.09
 227878.738    73.047     4.10    6.58
 228254.694    74.146     2.92    6.19
 228630.655    77.258     8.28    7.16
 229006.620    80.738     9.26    7.30
 229382.590    85.350    12.27    7.13
 229758.564    90.658    14.12    5.03
 230134.543    92.991     6.21    4.68
 230510.526    93.466     1.26    5.32
 230886.513    93.185    -0.75    6.40
 231262.505    91.376    -4.81    5.78
 231638.502    91.021    -0.94    5.02
 232014.503    91.504     1.28    5.46
 232390.508    92.849     3.58    5.47
 232766.518    95.795     7.84    5.28
 233142.532    96.578     2.08    3.94
 233518.551    96.494    -0.23    4.72
 233894.574    96.908     1.10    4.96
 234270.602    99.120     5.89    6.62
 234646.634   101.975     7.59    8.00
 235022.671   107.158    13.78    9.13
 235398.712   112.659    14.63    6.24
 235774.757   115.889     8.59    5.33
 236150.808   115.376    -1.36    6.82
 236526.862   112.068    -8.80    8.96
 236902.921   106.795   -14.02   11.33
 237278.985    99.948   -18.21   11.89
 237655.053    93.120   -18.16   13.20
 238031.125    85.827   -19.39   10.22
 238407.202    84.786    -2.77    7.40
 238783.283    83.984    -2.13    6.19
 239159.369    82.957    -2.73    6.58
 239535.460    80.389    -6.83    8.02
 239911.555    74.660   -15.23    8.00
 240287.654    68.908   -15.30    7.07
 240663.758    65.915    -7.96    6.73
 241039.866    65.281    -1.68    7.87
 241415.979    63.658    -4.32    7.68
 241792.097    62.896    -2.03    7.38
 242168.219    61.607    -3.43    4.42
 242544.345    62.838     3.27    4.67
 242920.476    65.607     7.36    6.07
 243296.611    68.335     7.25    5.80
 243672.751    71.530     8.49    5.08
 244048.896    73.096     4.16    4.28
 244425.045    74.410     3.49    4.38
 244801.198    77.108     7.17    4.78
 245177.356    80.159     8.11    5.19
 245553.519    83.524     8.95    6.00
 245929.686    87.633    10.92    5.61
 246305.858    91.290     9.72    6.71
 246682.034    95.033     9.95    6.17
 247058.214    97.889     7.59    6.36
 247434.400   101.876    10.60    7.95
 247810.589   108.043    16.39   14.06
 248186.784   112.105    10.80   14.82
 248562.982   114.171     5.49   13.72
 248939.186   113.299    -2.32   10.16
 249315.394   110.711    -6.88   10.16
 249691.606   107.501    -8.53   10.50
 250067.823   105.786    -4.56   10.90
 250444.044   103.291    -6.63   10.82
 250820.271   100.795    -6.64   10.07
 251196.501    96.094   -12.49   10.97
 251572.736    89.685   -17.04   11.09
 251948.976    84.416   -14.01    9.25
 252325.220    78.308   -16.24    6.94
 252701.469    74.661    -9.69    6.64
 253077.723    69.171   -14.59    8.02
 253453.981    64.408   -12.66    6.52
 253830.243    60.549   -10.26    6.18
 254206.510    55.915   -12.32    4.55
 254582.782    52.966    -7.84    3.95
 254959.058    52.120    -2.25    3.34
 255335.339    52.684     1.50    3.71
 255711.624    53.930     3.31    4.02
 256087.914    54.915     2.62    4.04
 256464.209    56.376     3.88    4.65
 256840.508    57.462     2.89    4.82
 257216.811    59.200     4.62    4.22
 257593.120    61.208     5.33    4.81
 257969.433    63.869     7.07    6.09
 258345.750    68.065    11.15    5.45
 258722.072    72.146    10.85    5.62
 259098.399    75.780     9.66    8.18
 259474.730    81.863    16.17   11.08
 259851.066    88.017    16.35    9.78
 260227.406    91.335     8.82    7.84
 260603.751    92.933     4.24    7.18
