# NaN NaN NaN ;Mean Elev.(m), Avg Gradient(m/km), RMS Gradient(m/km) - SRTM1     
#   83.180  -1.095   4.540 ;Mean Elev.(m), Avg Gradient(m/km), RMS Gradient(m/km) - ASTER GDEM
#   91.156  -0.634   4.068 ;Mean Elev.(m), Avg Gradient(m/km), RMS Gradient(m/km) - GMTED2010 
  6    90.519 52419.54909101 47.47 311.531801  -5.407129 21.125
  6    90.517 52419.54909166 50.19 311.531071  -5.410429 21.125
  6    90.401 52419.54909230 51.92 311.530331  -5.413739 21.125
  6    90.476 52419.54909294 49.68 311.529601  -5.417039 21.125
  7    88.861 52454.54911609 46.48 311.531463  -5.408305 18.711
  7    89.001 52454.54911674 49.43 311.530733  -5.411605 18.711
  7    88.809 52454.54911738 50.69 311.530003  -5.414915 18.711
  7    88.877 52454.54911802 48.83 311.529273  -5.418215 18.711
  8    88.561 52489.54909183 48.00 311.541119  -5.404322 15.015
  8    88.401 52489.54909248 42.74 311.540389  -5.407622 15.015
  8    88.304 52489.54909312 39.67 311.539659  -5.410932 15.015
  8    88.273 52489.54909377 40.54 311.538929  -5.414232 15.015
  9    88.229 52524.54906963 47.00 311.536248  -5.407615 12.125
  9    88.198 52524.54907027 44.92 311.535518  -5.410915 12.125
  9    88.142 52524.54907092 46.60 311.534788  -5.414225 12.125
 10    87.830 52559.54911896 34.30 311.533109  -5.406390 13.253
 10    87.857 52559.54911960 34.12 311.532379  -5.409690 13.253
 10    87.647 52559.54912025 32.59 311.531645  -5.412995  9.594
 10    87.360 52559.54912089 26.46 311.530915  -5.416295  9.594
 11    88.569 52594.54912389 41.05 311.529299  -5.407628 20.090
 11    88.453 52594.54912454 41.43 311.528569  -5.410938 20.090
 11    88.388 52594.54912518 30.43 311.527839  -5.414238 20.090
 11    88.020 52594.54912583 24.67 311.527109  -5.417548 20.090
 11    87.819 52594.54912647 20.79 311.526379  -5.420848 20.090
 12    89.331 52629.54905255 51.06 311.539998  -5.403577 21.192
 12    88.957 52629.54905320 50.82 311.539268  -5.406887 21.192
 12    89.234 52629.54905384 52.51 311.538538  -5.410187 21.192
 12    89.176 52629.54905449 50.65 311.537808  -5.413497 21.192
 13    91.127 52664.54908499 43.17 311.534338  -5.405908 20.901
 13    90.798 52664.54908564 41.72 311.533608  -5.409218 20.901
 13    90.908 52664.54908628 40.98 311.532878  -5.412518 20.901
 13    90.891 52664.54908693 45.34 311.532148  -5.415818 20.901
 14    93.335 52699.54905811 52.28 311.541499  -5.404012 22.214
 14    93.178 52699.54905875 48.44 311.540769  -5.407312 22.214
 14    93.169 52699.54905940 49.92 311.540039  -5.410622 22.214
 14    93.079 52699.54906004 49.92 311.539309  -5.413922 22.214
 15    94.566 52734.54908693 48.68 311.542603  -5.405212 13.946
 15    94.619 52734.54908758 49.26 311.541874  -5.408517  8.630
 15    94.495 52734.54908822 47.85 311.541144  -5.411817  8.630
 16    93.210 52769.54908035 46.89 311.535373  -5.406472 15.881
 16    93.219 52769.54908099 49.77 311.534643  -5.409772 15.881
 16    93.355 52769.54908164 49.70 311.533913  -5.413082 15.881
 16    93.369 52769.54908228 48.79 311.533183  -5.416382 15.881
 17    89.982 52804.54911150 42.26 311.534757  -5.405637 20.346
 17    89.847 52804.54911214 40.06 311.534027  -5.408937 20.346
 17    89.784 52804.54911279 43.40 311.533297  -5.412237 20.346
 17    89.710 52804.54911343 44.37 311.532567  -5.415547 20.346
 18    88.793 52839.54917371 51.61 311.537073  -5.406979 21.061
 18    88.657 52839.54917435 48.17 311.536343  -5.410289 21.061
 18    88.540 52839.54917500 50.42 311.535613  -5.413589 21.061
 18    88.186 52839.54917564 49.48 311.534883  -5.416899 21.061
 19    88.460 52874.54921280 47.95 311.536528  -5.405184 17.610
 19    88.297 52874.54921345 50.90 311.535798  -5.408494 17.610
 19    88.213 52874.54921409 52.09 311.535068  -5.411794 17.610
 19    88.126 52874.54921474 51.76 311.534338  -5.415104 17.610
 20    88.334 52909.54918716 32.00 311.542684  -5.402346  8.735
 20    88.252 52909.54918781 28.19 311.541954  -5.405656  8.735
 20    87.882 52909.54918845 25.62 311.541224  -5.408956  8.735
 20    87.743 52909.54918910 21.71 311.540494  -5.412256  8.735
 21    89.121 52944.54912482 48.24 311.542697  -5.404847 13.155
 21    88.818 52944.54912546 50.47 311.541967  -5.408157 13.155
 21    89.147 52944.54912611 50.12 311.541237  -5.411457 13.155
 22    89.121 52979.54917761 30.94 311.536829  -5.407363 16.489
 22    89.048 52979.54917825 23.10 311.536099  -5.410673 16.489
 22    88.845 52979.54917890 20.53 311.535369  -5.413973 16.489
 23    90.311 53014.54917508 51.66 311.533894  -5.407737 16.624
 23    90.022 53014.54917573 51.27 311.533164  -5.411037 16.624
 23    90.150 53014.54917637 50.15 311.532434  -5.414347 16.624
 23    90.114 53014.54917702 48.53 311.531704  -5.417647 16.624
 24    95.250 53049.54914766 51.12 311.536626  -5.405589 22.024
 24    95.195 53049.54914830 50.12 311.535896  -5.408889 22.024
 24    94.954 53049.54914895 51.33 311.535166  -5.412199 22.024
 24    94.974 53049.54914959 53.79 311.534436  -5.415499 22.024
 25    95.959 53084.54918424 49.05 311.528448  -5.408562 19.665
 25    95.760 53084.54918489 48.79 311.527718  -5.411862 19.665
 25    95.874 53084.54918553 46.80 311.526988  -5.415162 19.665
 25    95.707 53084.54918618 44.84 311.526258  -5.418472 19.665
 25    95.599 53084.54918682 47.98 311.525528  -5.421772 19.665
 26    95.607 53119.54915358 50.52 311.532808  -5.406784 21.761
 26    95.599 53119.54915423 51.06 311.532078  -5.410094 21.761
 26    95.564 53119.54915487 53.14 311.531348  -5.413394 21.761
 26    95.495 53119.54915552 51.50 311.530618  -5.416694 21.761
 27    91.878 53154.54920590 45.36 311.529938  -5.407181 24.741
 27    91.795 53154.54920655 48.14 311.529208  -5.410481 24.741
 27    91.747 53154.54920719 51.77 311.528478  -5.413791 24.741
 27    91.851 53154.54920783 51.81 311.527748  -5.417091 24.741
 27    91.788 53154.54920848 49.83 311.527018  -5.420401 24.741
 28    89.449 53189.54919467 51.59 311.542905  -5.403500 18.587
 28    89.480 53189.54919532 50.35 311.542175  -5.406810 18.587
 28    89.420 53189.54919596 50.71 311.541445  -5.410110 18.587
 28    89.341 53189.54919661 46.95 311.540715  -5.413410 18.587
 29    88.828 53224.54920745 47.98 311.539182  -5.405135 14.438
 29    88.627 53224.54920809 47.60 311.538452  -5.408435 14.438
 29    88.536 53224.54920874 48.78 311.537722  -5.411745 14.438
 29    88.638 53224.54920938 47.50 311.536992  -5.415045 14.438
 30    87.948 53259.54918275 25.57 311.532613  -5.406528 10.707
 30    88.038 53259.54918340 29.77 311.531883  -5.409828 10.707
 30    87.755 53259.54918404 28.63 311.531153  -5.413138 10.707
 30    87.575 53259.54918469 23.08 311.530423  -5.416438 10.707
 31    87.876 53294.54920967 33.89 311.527083  -5.409051 17.967
 31    87.997 53294.54921031 35.54 311.526353  -5.412351 17.967
 31    87.869 53294.54921096 30.01 311.525623  -5.415651 17.967
 31    87.697 53294.54921160 26.62 311.524883  -5.418961 17.967
 31    87.485 53294.54921225 19.82 311.524163  -5.422261 17.967
 32    89.131 53329.54918180 43.47 311.537842  -5.404631 16.703
 32    88.924 53329.54918245 45.33 311.537112  -5.407931 16.703
 32    88.857 53329.54918309 41.70 311.536382  -5.411231 16.703
 32    88.674 53329.54918374 47.73 311.535652  -5.414541 16.703
 33    89.926 53364.54913219 48.16 311.541011  -5.402797 16.785
 33    89.531 53364.54913283 53.13 311.540281  -5.406097 16.785
 33    89.607 53364.54913348 51.54 311.539551  -5.409407 16.785
 33    89.552 53364.54913412 50.51 311.538821  -5.412707 16.785
 34    91.806 53399.54915695 46.44 311.535253  -5.405353 20.377
 34    91.646 53399.54915760 52.07 311.534523  -5.408653 20.377
 34    91.517 53399.54915824 52.05 311.533793  -5.411953 20.377
 34    91.639 53399.54915889 52.99 311.533063  -5.415263 20.377
 35    93.699 53434.54914683 45.18 311.539501  -5.403628 15.476
 35    93.914 53434.54914747 46.05 311.538771  -5.406938 15.476
 35    93.751 53434.54914812 46.09 311.538041  -5.410238 15.476
 35    93.538 53434.54914876 45.76 311.537311  -5.413538 15.476
 36    94.706 53469.54919086 49.89 311.533656  -5.406906 22.305
 36    94.647 53469.54919150 51.77 311.532926  -5.410206 22.305
 36    94.541 53469.54919215 51.36 311.532196  -5.413506 22.305
 36    94.547 53469.54919279 51.57 311.531466  -5.416816 22.305
 37    92.824 53504.54923320 26.20 311.531521  -5.408148 13.698
 37    92.956 53504.54923385 19.41 311.530791  -5.411448 13.698
 37    93.071 53504.54923449 19.63 311.530061  -5.414748 13.698
 37    93.096 53504.54923514 21.61 311.529331  -5.418058 13.698
 38    90.005 53539.54923191 50.46 311.534727  -5.405956 20.054
 38    89.948 53539.54923255 48.91 311.533997  -5.409266 20.054
 38    89.944 53539.54923320 49.21 311.533267  -5.412566 20.054
 38    89.873 53539.54923384 51.32 311.532537  -5.415866 20.054
 39    88.420 53574.54922913 34.25 311.532500  -5.408629 13.533
 39    88.486 53574.54922977 30.14 311.531770  -5.411929 13.533
 39    88.488 53574.54923042 35.21 311.531040  -5.415229 13.533
 39    88.513 53574.54923106 38.47 311.530310  -5.418539 13.533
 40    87.856 53609.54917897 27.93 311.534966  -5.407984 12.390
 40    87.843 53609.54917962 21.87 311.534236  -5.411284 12.390
 40    87.665 53609.54918026 19.63 311.533506  -5.414584 12.390
 41    87.929 53644.54918154 37.98 311.535242  -5.406649 15.954
 41    87.864 53644.54918218 34.66 311.534512  -5.409949 15.954
 41    87.952 53644.54918283 34.79 311.533782  -5.413249 15.954
 41    87.942 53644.54918347 37.39 311.533052  -5.416559 15.954
 42    87.840 53679.54919992 43.80 311.530263  -5.409343 20.041
 42    87.897 53679.54920057 40.18 311.529533  -5.412643 20.041
 42    87.899 53679.54920121 35.63 311.528803  -5.415943 20.041
 42    88.008 53679.54920186 47.23 311.528073  -5.419253 20.041
 43    88.829 53714.54912650 32.23 311.540824  -5.402787 15.785
 43    89.019 53714.54912715 33.05 311.540094  -5.406087 15.785
 43    89.140 53714.54912779 32.91 311.539364  -5.409397 15.785
 43    89.314 53714.54912844 44.67 311.538634  -5.412697 15.785
 44    92.478 53749.54904213 47.24 311.541307  -5.403635 17.313
 44    92.266 53749.54904278 50.89 311.540577  -5.406945 17.313
 44    92.389 53749.54904342 49.01 311.539847  -5.410245 17.313
 44    92.309 53749.54904407 51.23 311.539117  -5.413545 17.313
 45    92.502 53784.54907268 34.95 311.540899  -5.403797 11.238
 45    92.602 53784.54907333 28.81 311.540169  -5.407107 11.238
 45    92.980 53784.54907397 27.39 311.539439  -5.410407 11.238
 45    92.979 53784.54907462 36.61 311.538709  -5.413707 11.238
 46    93.271 53819.54903302 51.35 311.540751  -5.404431 20.023
 46    93.214 53819.54903367 51.18 311.540021  -5.407731 20.023
 46    93.194 53819.54903431 50.38 311.539299  -5.411038 11.777
 46    93.233 53819.54903496 49.93 311.538569  -5.414338 11.777
 47    95.210 53854.54911572 49.86 311.531035  -5.409286 21.510
 47    95.179 53854.54911636 50.85 311.530305  -5.412586 21.510
 47    95.091 53854.54911701 52.79 311.529575  -5.415896 21.510
 47    95.038 53854.54911765 51.09 311.528845  -5.419196 21.510
 48    91.787 53889.54912298 33.01 311.544071  -5.402341 12.412
 48    91.921 53889.54912363 23.81 311.543341  -5.405641 12.412
 48    93.615 53889.54912427 21.72 311.542611  -5.408941 12.412
 48    93.695 53889.54912492 23.28 311.541881  -5.412251 12.412
 49    89.447 53924.54919110 39.57 311.525365  -5.409589 18.239
 49    89.065 53924.54919175 48.53 311.524635  -5.412889 18.239
 49    89.159 53924.54919239 51.05 311.523905  -5.416199 18.239
 49    89.268 53924.54919304 50.21 311.523175  -5.419499 18.239
 49    89.248 53924.54919368 51.57 311.522445  -5.422809 18.239
 50    88.398 53959.54918142 27.22 311.528575  -5.409929 13.698
 50    88.091 53959.54918207 30.01 311.527845  -5.413229 13.698
 50    88.003 53959.54918271 23.29 311.527115  -5.416529 13.698
 50    87.883 53959.54918336 21.74 311.526385  -5.419839 13.698
 51    88.338 53994.54911282 37.07 311.538603  -5.405249 12.352
 51    88.090 53994.54911347 38.95 311.537873  -5.408559 12.352
 51    88.305 53994.54911411 30.11 311.537143  -5.411859 12.352
 51    88.109 53994.54911476 37.94 311.536413  -5.415169 12.352
 52    88.594 54029.54917121 37.95 311.538195  -5.404813 13.300
 52    88.732 54029.54917185 38.16 311.537465  -5.408113 13.300
 52    88.466 54029.54917250 35.97 311.536735  -5.411423 13.300
 52    88.286 54029.54917314 43.72 311.536005  -5.414723 13.300
 53    89.716 54064.54916473 39.09 311.540608  -5.402844 13.087
 53    89.133 54064.54916538 36.05 311.539878  -5.406149  8.789
 53    89.157 54064.54916602 26.06 311.539148  -5.409449  8.789
 53    89.731 54064.54916667 25.20 311.538418  -5.412759  8.789
 54    90.182 54099.54913087 40.07 311.536552  -5.406196 16.444
 54    90.105 54099.54913151 33.99 311.535825  -5.409503 10.289
 54    90.172 54099.54913216 34.26 311.535095  -5.412803 10.289
 54    90.206 54099.54913280 33.33 311.534365  -5.416113 10.289
 55    91.574 54134.54908974 48.13 311.536255  -5.405695 19.639
 55    91.420 54134.54909038 48.69 311.535525  -5.409005 19.639
 55    91.264 54134.54909103 49.12 311.534795  -5.412305 19.639
 55    91.061 54134.54909167 50.97 311.534065  -5.415615 19.639
 57    94.088 54204.54909397 51.38 311.535304  -5.405864 21.290
 57    94.010 54204.54909461 54.15 311.534574  -5.409174 21.290
 57    93.856 54204.54909525 51.01 311.533844  -5.412474 21.290
 57    94.076 54204.54909590 52.56 311.533104  -5.415784 21.290
 58    91.050 54239.54912822 49.29 311.536956  -5.407396 18.068
 58    91.106 54239.54912886 49.95 311.536226  -5.410696 18.068
 58    91.011 54239.54912951 50.39 311.535486  -5.414006 18.068
 59    88.949 54274.54914555 36.84 311.536746  -5.407523 20.068
 59    89.020 54274.54914619 39.72 311.536016  -5.410823 20.068
 59    89.006 54274.54914684 46.01 311.535276  -5.414133 20.068
 61    88.379 54344.54912280 31.85 311.538740  -5.403872 14.450
 61    88.188 54344.54912345 31.53 311.538010  -5.407172 14.450
 61    87.908 54344.54912409 25.90 311.537280  -5.410482 14.450
 61    87.932 54344.54912474 29.81 311.536550  -5.413782 14.450
 62    88.034 54379.54908280 32.03 311.536480  -5.405342 15.294
 62    87.890 54379.54908345 33.14 311.535750  -5.408652 15.294
 62    87.852 54379.54908409 27.31 311.535020  -5.411952 15.294
 62    87.299 54379.54908474 24.50 311.534290  -5.415252 15.294
 63    88.436 54414.54907216 27.20 311.536131  -5.407813 13.627
 63    87.710 54414.54907280 23.69 311.535401  -5.411113 13.627
 64    88.816 54449.54905036 48.30 311.535599  -5.407226 20.047
 64    88.959 54449.54905100 49.17 311.534869  -5.410526 20.047
 64    88.800 54449.54905164 52.40 311.534139  -5.413826 20.047
 64    88.582 54449.54905229 52.00 311.533399  -5.417136 20.047
 65    89.847 54484.54906645 47.19 311.538109  -5.406365 12.554
 65    89.850 54484.54906709 48.26 311.537379  -5.409675 12.554
 65    89.732 54484.54906774 49.31 311.536649  -5.412975 12.554
 65    89.845 54484.54906838 46.95 311.535919  -5.416285 12.554
 66    91.860 54519.54906382 40.12 311.537166  -5.406570 14.169
 66    91.713 54519.54906446 35.62 311.536436  -5.409870 14.169
 66    91.793 54519.54906511 35.82 311.535696  -5.413180 14.169
 66    91.653 54519.54906575 38.78 311.534966  -5.416480 14.169
 67    93.705 54554.54907774 43.21 311.536527  -5.407040 15.769
 67    93.607 54554.54907838 44.56 311.535797  -5.410340 15.769
 67    93.552 54554.54907903 44.32 311.535067  -5.413640 15.769
 67    94.042 54554.54907967 39.67 311.534337  -5.416950 15.769
 68    93.360 54589.54905939 48.01 311.536017  -5.407209 18.734
 68    93.414 54589.54906003 49.68 311.535287  -5.410509 18.734
 68    93.373 54589.54906068 49.45 311.534557  -5.413809 18.734
 68    93.479 54589.54906132 47.66 311.533817  -5.417119 18.734
 69    90.502 54624.54907684 48.66 311.536294  -5.406540 19.897
 69    90.240 54624.54907748 49.33 311.535564  -5.409850 19.897
 69    90.333 54624.54907813 53.05 311.534834  -5.413150 19.897
 69    89.916 54624.54907877 53.50 311.534094  -5.416460 19.897
 70    88.581 54659.54908549 27.47 311.534073  -5.408146 17.950
 70    88.449 54659.54908613 22.23 311.533343  -5.411456 17.950
 70    88.889 54659.54908678 25.97 311.532613  -5.414756 17.950
 70    88.484 54659.54908742 39.29 311.531883  -5.418056 17.950
 71    88.018 54694.54906468 33.64 311.537278  -5.406788 14.799
 71    87.926 54694.54906533 25.40 311.536548  -5.410088 14.799
 71    88.211 54694.54906597 26.96 311.535818  -5.413398 14.799
 71    88.009 54694.54906662 36.04 311.535088  -5.416698 14.799
 72    87.854 54729.54903979 27.22 311.536613  -5.406300 14.534
 72    87.765 54729.54904043 25.25 311.535883  -5.409610 14.534
 72    87.501 54729.54904108 24.21 311.535153  -5.412910 14.534
 72    87.328 54729.54904172 23.65 311.534413  -5.416220 14.534
 73    87.858 54764.54904357 33.29 311.535901  -5.406908 16.024
 73    87.887 54764.54904421 31.86 311.535171  -5.410208 16.024
 73    87.908 54764.54904485 31.77 311.534441  -5.413518 16.024
 73    87.626 54764.54904550 38.10 311.533711  -5.416818 16.024
 74    88.599 54799.54903331 46.86 311.535060  -5.406579 19.933
 74    88.604 54799.54903395 50.16 311.534330  -5.409879 19.933
 74    88.866 54799.54903459 51.07 311.533600  -5.413189 19.933
 74    88.502 54799.54903524 50.18 311.532860  -5.416489 19.933
 75    90.702 54834.54903368 41.15 311.536420  -5.405190 15.416
 75    90.728 54834.54903433 29.70 311.535690  -5.408490 15.416
 75    90.310 54834.54903497 25.25 311.534960  -5.411790 15.416
 75    90.731 54834.54903562 25.47 311.534230  -5.415100 15.416
 76    91.646 54869.54903074 48.59 311.536313  -5.406621 20.011
 76    91.413 54869.54903138 50.90 311.535573  -5.409931 20.011
 76    91.434 54869.54903203 51.83 311.534853  -5.413231 20.011
 76    91.282 54869.54903267 51.45 311.534113  -5.416541 20.011
 77    92.684 54904.54904342 45.56 311.534461  -5.407475 20.569
 77    92.657 54904.54904407 43.50 311.533731  -5.410775 20.569
 77    92.863 54904.54904471 41.30 311.533001  -5.414085 20.569
 77    92.596 54904.54904536 44.22 311.532271  -5.417385 20.569
 78    93.268 54939.54902131 49.37 311.535907  -5.407758 19.880
 78    93.071 54939.54902196 50.10 311.535177  -5.411068 19.880
 78    93.081 54939.54902260 51.35 311.534447  -5.414368 19.880
 79    94.457 54974.54905171 51.11 311.535974  -5.405201 22.158
 79    94.251 54974.54905236 49.77 311.535244  -5.408511 22.158
 79    94.448 54974.54905300 50.97 311.534514  -5.411811 22.158
 79    94.398 54974.54905365 53.01 311.533774  -5.415121 22.158
 80    89.960 55009.54906550 44.97 311.535176  -5.407700 19.765
 80    89.932 55009.54906615 46.45 311.534446  -5.411000 19.765
 80    89.934 55009.54906679 49.67 311.533716  -5.414310 19.765
 80    89.936 55009.54906744 43.92 311.532986  -5.417610 19.765
 81    88.907 55044.54905464 27.92 311.537217  -5.404915 11.532
 81    88.480 55044.54905529 25.05 311.536487  -5.408215 11.532
 81    88.326 55044.54905593 18.93 311.535757  -5.411515 11.532
 81    93.064 55044.54905658 17.57 311.535027  -5.414825 11.532
 82    88.072 55079.54903155 51.84 311.536836  -5.407725 17.496
 82    88.109 55079.54903219 49.93 311.536106  -5.411035 17.496
 82    88.197 55079.54903284 49.35 311.535376  -5.414335 17.496
 83    88.419 55114.54898819 50.79 311.536199  -5.407754 19.207
 83    88.106 55114.54898884 46.71 311.535469  -5.411064 19.207
 83    87.981 55114.54898948 45.35 311.534739  -5.414364 19.207
 84    89.294 55149.54898783 28.91 311.534991  -5.407514 12.801
 84    89.182 55149.54898848 18.00 311.534261  -5.410814 12.801
 84    88.964 55149.54898912 16.05 311.533531  -5.414124 12.801
 84    88.644 55149.54898977 17.78 311.532801  -5.417424 12.801
 85    90.388 55184.54897096 42.72 311.535473  -5.406910 20.459
 85    90.526 55184.54897160 44.37 311.534743  -5.410210 20.459
 85    90.503 55184.54897225 50.41 311.534013  -5.413520 20.459
 85    90.258 55184.54897289 50.67 311.533283  -5.416820 20.459
 86    92.450 55219.54898582 46.43 311.535389  -5.406594 18.229
 86    92.370 55219.54898647 53.10 311.534659  -5.409894 18.229
 86    92.421 55219.54898711 52.12 311.533929  -5.413204 18.229
 86    92.255 55219.54898776 51.10 311.533199  -5.416504 18.229
 87    92.959 55254.54896737 45.23 311.537072  -5.407405 16.784
 87    93.141 55254.54896801 44.75 311.536342  -5.410715 16.784
 87    93.132 55254.54896866 46.34 311.535612  -5.414015 16.784
 88    93.009 55289.54897460 40.37 311.535925  -5.406945 14.433
 88    93.192 55289.54897524 35.24 311.535195  -5.410255 14.433
 88    93.341 55289.54897588 39.35 311.534465  -5.413555 14.433
 88    93.265 55289.54897653 38.47 311.533735  -5.416855 14.433
 89    92.107 55324.54895355 46.44 311.534453  -5.406941 13.792
 89    92.181 55324.54895420 46.67 311.533723  -5.410251 13.792
 89    91.964 55324.54895484 44.92 311.532993  -5.413551 13.792
 89    92.194 55324.54895549 43.24 311.532263  -5.416851 13.792
 90    89.508 55359.54895177 50.22 311.535676  -5.406237 17.744
 90    89.489 55359.54895241 50.07 311.534946  -5.409547 17.744
 90    89.450 55359.54895306 53.50 311.534216  -5.412847 17.744
 90    89.254 55359.54895370 52.96 311.533486  -5.416147 17.744
 91    88.463 55394.54895590 43.61 311.535814  -5.406650 17.169
 91    88.478 55394.54895654 43.92 311.535084  -5.409960 17.169
 91    88.480 55394.54895719 44.82 311.534354  -5.413260 17.169
 91    88.110 55394.54895783 48.29 311.533614  -5.416570 17.169
 92    88.311 55429.54896656 36.53 311.537967  -5.404632 16.705
 92    88.134 55429.54896720 39.69 311.537237  -5.407942 16.705
 92    88.036 55429.54896784 43.84 311.536507  -5.411242 16.705
 92    88.068 55429.54896849 43.14 311.535777  -5.414542 16.705
 93    88.393 55464.54892923 29.87 311.539358  -5.403520 11.841
 93    88.095 55464.54892988 29.01 311.538628  -5.406820 11.841
 93    87.720 55464.54893052 21.68 311.537898  -5.410130 11.841
 93    87.465 55464.54893116 23.39 311.537168  -5.413430 11.841
