# NaN NaN NaN ;Mean Elev.(m), Avg Gradient(m/km), RMS Gradient(m/km) - SRTM1     
#  107.479  -1.212   8.849 ;Mean Elev.(m), Avg Gradient(m/km), RMS Gradient(m/km) - ASTER GDEM
#  126.367  -0.065   7.935 ;Mean Elev.(m), Avg Gradient(m/km), RMS Gradient(m/km) - GMTED2010 
  6   127.245 52419.54934308 30.68 311.245657  -6.698983 14.043
  6   124.992 52419.54934372 29.63 311.244927  -6.702283 14.043
  6   125.437 52419.54934437 29.04 311.244186  -6.705596 16.059
  6   126.060 52419.54934501 32.80 311.243456  -6.708896 16.059
  6   125.843 52419.54934566 41.99 311.242726  -6.712196 16.059
  6   125.557 52419.54934630 42.12 311.241996  -6.715506 16.059
  7   123.378 52454.54936816 37.87 311.245387  -6.700160 21.377
  7   124.206 52454.54936880 44.15 311.244657  -6.703470 21.377
  7   124.041 52454.54936945 47.60 311.243917  -6.706770 21.377
  7   123.353 52454.54937009 46.86 311.243187  -6.710070 21.377
  7   123.975 52454.54937074 48.82 311.242457  -6.713380 21.377
  7   124.093 52454.54937138 48.89 311.241717  -6.716680 21.377
  8   123.295 52489.54934261 21.47 311.256525  -6.689580 16.156
  8   123.467 52489.54934326 23.64 311.255795  -6.692880 16.156
  8   123.173 52489.54934390 27.01 311.255055  -6.696180 16.156
  8   123.103 52489.54934455 21.31 311.254325  -6.699490 16.156
  8   122.516 52489.54934519 20.03 311.253595  -6.702790 16.156
  8   121.872 52489.54934584 22.76 311.252865  -6.706090 16.156
  8   121.773 52489.54934648 24.26 311.252125  -6.709400 16.156
  9   123.304 52524.54932105 40.58 311.250992  -6.696191 18.526
  9   122.482 52524.54932170 47.38 311.250262  -6.699501 18.526
  9   122.436 52524.54932234 47.37 311.249532  -6.702801 18.526
  9   122.951 52524.54932299 48.06 311.248802  -6.706101 18.526
  9   123.095 52524.54932363 49.57 311.248062  -6.709411 18.526
  9   122.993 52524.54932427 47.11 311.247332  -6.712711 18.526
 10   124.606 52559.54937103 18.66 311.246959  -6.698246 17.027
 10   123.012 52559.54937167 20.99 311.246219  -6.701546 17.027
 10   122.538 52559.54937232 25.40 311.245489  -6.704856 17.027
 10   122.764 52559.54937296 21.97 311.244759  -6.708156 17.027
 10   123.033 52559.54937360 27.93 311.244019  -6.711456 17.027
 10   122.784 52559.54937425 26.06 311.243289  -6.714766 17.027
 10   122.746 52559.54937489 21.76 311.242559  -6.718066 17.027
 11   123.311 52594.54937660 38.30 311.242488  -6.702794  9.935
 11   123.000 52594.54937725 45.83 311.241758  -6.706104  9.935
 11   122.929 52594.54937789 44.26 311.241020  -6.709408 16.377
 11   123.323 52594.54937854 43.44 311.240290  -6.712708 16.377
 11   123.356 52594.54937918 45.27 311.239560  -6.716008 16.377
 12   124.082 52629.54930398 49.43 311.254541  -6.692116 17.867
 12   123.791 52629.54930462 49.12 311.253801  -6.695426 17.867
 12   123.735 52629.54930527 46.71 311.253071  -6.698726 17.867
 12   123.777 52629.54930591 45.92 311.252341  -6.702036 17.867
 12   123.684 52629.54930656 48.76 311.251601  -6.705336 17.867
 12   123.701 52629.54930720 50.76 311.250871  -6.708636 17.867
 12   123.612 52629.54930784 49.47 311.250141  -6.711946 17.867
 13   126.568 52664.54933706 46.83 311.248257  -6.697771 16.372
 13   126.445 52664.54933771 40.32 311.247527  -6.701071 16.372
 13   126.603 52664.54933835 33.20 311.246797  -6.704371 16.372
 13   126.425 52664.54933900 40.39 311.246057  -6.707681 16.372
 13   126.183 52664.54933964 31.72 311.245327  -6.710981 16.372
 13   126.244 52664.54934028 25.90 311.244597  -6.714291 16.372
 14   128.438 52699.54930889 48.06 311.256745  -6.689235 23.445
 14   127.887 52699.54930953 47.54 311.256005  -6.692535 23.445
 14   127.946 52699.54931018 47.10 311.255275  -6.695835 23.445
 14   127.972 52699.54931082 47.30 311.254545  -6.699145 23.445
 14   127.943 52699.54931147 47.56 311.253805  -6.702445 23.445
 14   127.908 52699.54931211 47.49 311.253075  -6.705755 23.445
 14   128.310 52699.54931276 45.22 311.252345  -6.709055 23.445
 15   129.725 52734.54933707 45.42 311.258757  -6.687152 16.042
 15   129.236 52734.54933771 47.05 311.258027  -6.690462 16.042
 15   129.192 52734.54933835 47.24 311.257297  -6.693762 16.042
 15   129.251 52734.54933900 48.30 311.256557  -6.697062 16.042
 15   129.289 52734.54933964 46.14 311.255827  -6.700372 16.042
 15   129.262 52734.54934029 46.89 311.255097  -6.703672 16.042
 15   129.372 52734.54934093 49.96 311.254357  -6.706972 16.042
 16   128.195 52769.54933177 51.01 311.250144  -6.695080 39.969
 16   128.244 52769.54933242 51.06 311.249414  -6.698380 39.969
 16   128.193 52769.54933306 51.53 311.248684  -6.701680 39.969
 16   128.158 52769.54933371 49.88 311.247954  -6.704990 39.969
 16   128.202 52769.54933435 51.03 311.247214  -6.708290 39.969
 16   128.259 52769.54933500 52.09 311.246484  -6.711600 39.969
 16   128.291 52769.54933564 50.01 311.245754  -6.714900 39.969
 17   125.018 52804.54936357 48.44 311.248529  -6.697461 18.717
 17   125.308 52804.54936421 41.91 311.247799  -6.700771 18.717
 17   125.162 52804.54936485 48.68 311.247069  -6.704071 18.717
 17   124.985 52804.54936550 48.21 311.246329  -6.707371 18.717
 17   125.128 52804.54936614 48.77 311.245599  -6.710681 18.717
 17   125.010 52804.54936679 46.89 311.244869  -6.713981 18.717
 17   124.829 52804.54936743 48.77 311.244129  -6.717281 18.717
 18   126.894 52839.54942513 17.88 311.251634  -6.695511 16.431
 18   126.332 52839.54942578 18.90 311.250904  -6.698821 16.431
 18   123.509 52839.54942642 20.52 311.250164  -6.702121 16.431
 18   123.715 52839.54942706 23.67 311.249434  -6.705421 16.431
 18   123.458 52839.54942771 26.45 311.248704  -6.708731 16.431
 18   123.665 52839.54942835 27.51 311.247964  -6.712031 16.431
 19   123.231 52874.54946423 43.77 311.251125  -6.693731 21.304
 19   123.081 52874.54946487 48.28 311.250395  -6.697041 21.304
 19   123.088 52874.54946552 47.97 311.249655  -6.700341 21.304
 19   123.197 52874.54946616 49.13 311.248925  -6.703641 21.304
 19   122.677 52874.54946681 49.81 311.248195  -6.706951 21.304
 19   123.249 52874.54946745 48.13 311.247455  -6.710251 21.304
 19   123.032 52874.54946810 49.86 311.246725  -6.713551 21.304
 20   124.636 52909.54943794 24.06 311.258131  -6.687610  9.631
 20   124.615 52909.54943859 24.80 311.257401  -6.690910  9.631
 20   125.293 52909.54943923 30.37 311.256661  -6.694220  9.631
 20   122.966 52909.54943988 24.05 311.255931  -6.697520  9.631
 20   125.014 52909.54944052 15.90 311.255201  -6.700830  9.631
 20   123.897 52909.54944117 15.45 311.254471  -6.704130  9.631
 20   123.969 52909.54944181 13.59 311.253731  -6.707430  9.631
 21   122.814 52944.54937495 40.72 311.258665  -6.686772 14.602
 21   123.046 52944.54937560 26.39 311.257925  -6.690072 14.602
 21   123.406 52944.54937624 27.72 311.257195  -6.693372 14.602
 21   122.875 52944.54937689 23.56 311.256465  -6.696682 14.602
 21   122.648 52944.54937753 18.80 311.255725  -6.699982 14.602
 21   122.154 52944.54937818 20.13 311.254995  -6.703292 14.602
 21   121.910 52944.54937882 21.57 311.254265  -6.706592 14.602
 22   125.050 52979.54942838 27.78 311.252133  -6.692605 19.374
 22   124.709 52979.54942903 45.79 311.251393  -6.695905 19.374
 22   123.774 52979.54942967 42.88 311.250663  -6.699215 19.374
 22   124.769 52979.54943032 38.17 311.249933  -6.702515 19.374
 22   124.373 52979.54943096 36.53 311.249193  -6.705815 19.374
 22   124.699 52979.54943161 41.97 311.248463  -6.709125 19.374
 22   124.301 52979.54943225 36.30 311.247733  -6.712425 19.374
 23   126.618 53014.54942651 21.02 311.248590  -6.696321 17.119
 23   124.914 53014.54942715 26.39 311.247860  -6.699631 17.119
 23   124.823 53014.54942780  4.72 311.247130  -6.702931 17.119
 23   125.529 53014.54942844 23.30 311.246390  -6.706231 17.119
 23   126.563 53014.54942909 27.47 311.245660  -6.709541 17.119
 23   125.968 53014.54942973 26.16 311.244930  -6.712841 17.119
 23   124.728 53014.54943037 25.38 311.244200  -6.716141 17.119
 24   129.674 53049.54939908 50.04 311.251175  -6.694103 29.292
 24   129.772 53049.54939973 52.57 311.250435  -6.697403 29.292
 24   129.679 53049.54940037 51.05 311.249705  -6.700713 29.292
 24   129.771 53049.54940102 53.20 311.248975  -6.704013 29.292
 24   129.760 53049.54940166 47.86 311.248245  -6.707313 29.292
 24   129.804 53049.54940231 48.88 311.247505  -6.710623 29.292
 24   129.777 53049.54940295 50.34 311.246775  -6.713923 29.292
 25   130.894 53084.54943695 50.18 311.241684  -6.703728 24.632
 25   130.910 53084.54943760 49.03 311.240954  -6.707038 24.632
 25   131.054 53084.54943824 50.62 311.240214  -6.710338 24.632
 25   130.960 53084.54943889 48.52 311.239484  -6.713648 24.632
 26   130.763 53119.54940565 50.11 311.246635  -6.698654 27.684
 26   130.785 53119.54940630 47.90 311.245905  -6.701954 27.684
 26   130.854 53119.54940694 52.56 311.245165  -6.705254 27.684
 26   130.905 53119.54940759 50.65 311.244435  -6.708564 27.684
 26   130.922 53119.54940823 50.56 311.243705  -6.711864 27.684
 26   130.834 53119.54940888 50.40 311.242975  -6.715174 27.684
 26   130.929 53119.54940952 53.25 311.242232  -6.718468 20.584
 27   127.225 53154.54945861 29.38 311.243074  -6.702328 18.146
 27   126.422 53154.54945926 26.33 311.242344  -6.705628 18.146
 27   126.426 53154.54945990 37.45 311.241614  -6.708928 18.146
 27   126.461 53154.54946055 43.97 311.240874  -6.712231 21.938
 27   126.575 53154.54946119 47.98 311.240144  -6.715541 21.938
 28   124.045 53189.54944545 51.29 311.258271  -6.688732 16.179
 28   124.153 53189.54944609 51.64 311.257541  -6.692032 16.179
 28   124.016 53189.54944674 49.45 311.256811  -6.695332 16.179
 28   124.023 53189.54944738 50.74 311.256071  -6.698642 16.179
 28   123.986 53189.54944803 50.74 311.255341  -6.701942 16.179
 28   123.899 53189.54944867 50.85 311.254611  -6.705252 16.179
 29   123.229 53224.54945823 37.36 311.254609  -6.690393 19.054
 29   123.195 53224.54945887 40.25 311.253869  -6.693693 19.054
 29   123.349 53224.54945951 44.25 311.253139  -6.697003 19.054
 29   123.428 53224.54946016 42.41 311.252409  -6.700303 19.054
 29   123.365 53224.54946080 45.03 311.251669  -6.703603 19.054
 29   123.038 53224.54946145 46.60 311.250939  -6.706913 19.054
 29   123.146 53224.54946209 48.78 311.250209  -6.710213 19.054
 30   123.300 53259.54943482 23.07 311.246631  -6.698403 20.073
 30   122.959 53259.54943547 24.35 311.245901  -6.701713 20.073
 30   122.957 53259.54943611 19.97 311.245161  -6.705013 20.073
 30   123.184 53259.54943676 19.04 311.244431  -6.708323 20.073
 30   122.944 53259.54943740 26.86 311.243701  -6.711623 20.073
 30   122.884 53259.54943805 21.84 311.242971  -6.714923 20.073
 30   123.194 53259.54943869 20.76 311.242241  -6.718233 20.073
 31   122.167 53294.54946238 32.80 311.240176  -6.704187 11.413
 31   122.914 53294.54946302 23.84 311.239446  -6.707487 11.413
 31   123.030 53294.54946367 24.22 311.238704  -6.710800 11.791
 31   122.920 53294.54946431 25.21 311.237974  -6.714100 11.791
 32   127.876 53329.54943323 20.88 311.252492  -6.693182 15.907
 32   123.683 53329.54943387 26.48 311.251762  -6.696482 15.907
 32   123.639 53329.54943452 19.86 311.251032  -6.699782 15.907
 32   123.346 53329.54943516 21.95 311.250292  -6.703092 15.907
 32   123.496 53329.54943581 22.59 311.249562  -6.706392 15.907
 32   123.190 53329.54943645 22.83 311.248832  -6.709692 15.907
 32   122.900 53329.54943710 20.31 311.248094  -6.712996  8.604
 33   125.571 53364.54938361 45.11 311.255754  -6.691361 24.302
 33   125.339 53364.54938426 46.43 311.255024  -6.694661 24.302
 33   125.628 53364.54938490 44.91 311.254284  -6.697971 24.302
 33   125.393 53364.54938555 47.53 311.253554  -6.701271 24.302
 33   125.349 53364.54938619 44.80 311.252824  -6.704571 24.302
 33   124.264 53364.54938683 48.43 311.252094  -6.707881 24.302
 34   128.135 53399.54940902 25.12 311.249107  -6.697189 16.615
 34   128.026 53399.54940966 22.68 311.248367  -6.700489 16.615
 34   128.250 53399.54941031 21.61 311.247637  -6.703799 16.615
 34   128.672 53399.54941095 23.62 311.246907  -6.707099 16.615
 34   128.215 53399.54941160 27.36 311.246177  -6.710409 16.615
 34   128.346 53399.54941224 26.88 311.245436  -6.713702 12.925
 34   128.616 53399.54941289 31.65 311.244706  -6.717012 12.925
 35   128.279 53434.54939825 32.16 311.254233  -6.692194 17.513
 35   128.080 53434.54939890 28.76 311.253493  -6.695504 17.513
 35   127.939 53434.54939954 28.23 311.252763  -6.698804 17.513
 35   127.293 53434.54940019 30.98 311.252033  -6.702114 17.513
 35   127.598 53434.54940083 30.54 311.251303  -6.705414 17.513
 35   128.001 53434.54940147 34.13 311.250563  -6.708714 17.513
 35   128.108 53434.54940212 38.59 311.249833  -6.712024 17.513
 36   129.287 53469.54944293 31.07 311.247470  -6.698760 16.759
 36   129.056 53469.54944357 28.62 311.246740  -6.702060 16.759
 36   128.953 53469.54944422 26.80 311.246000  -6.705370 16.759
 36   129.267 53469.54944486 31.41 311.245277  -6.708664 22.232
 36   129.246 53469.54944550 31.18 311.244537  -6.711974 22.232
 36   129.237 53469.54944615 36.88 311.243807  -6.715274 22.232
 37   127.459 53504.54948527 30.68 311.245438  -6.700014 14.898
 37   127.652 53504.54948591 22.39 311.244708  -6.703314 14.898
 37   127.319 53504.54948656 20.91 311.243968  -6.706624 14.898
 37   127.854 53504.54948720 19.85 311.243238  -6.709924 14.898
 37   128.279 53504.54948785 21.80 311.242508  -6.713234 14.898
 37   128.414 53504.54948849 26.53 311.241769  -6.716538 13.459
 38   125.217 53539.54948398 46.18 311.248657  -6.697788 13.868
 38   124.853 53539.54948462 47.91 311.247917  -6.701098 13.868
 38   125.128 53539.54948527 47.49 311.247187  -6.704398 13.868
 38   124.629 53539.54948591 50.18 311.246457  -6.707708 13.868
 38   124.950 53539.54948656 48.96 311.245719  -6.711011 14.276
 38   124.912 53539.54948720 48.90 311.244989  -6.714311 14.276
 39   125.718 53574.54948119 21.49 311.246470  -6.700480 12.557
 39   123.220 53574.54948184 22.49 311.245740  -6.703780 12.557
 39   123.670 53574.54948248 24.27 311.245000  -6.707090 12.557
 39   123.612 53574.54948313 30.44 311.244270  -6.710390 12.557
 39   123.396 53574.54948377 31.24 311.243540  -6.713700 12.557
 39   123.757 53574.54948442 41.47 311.242804  -6.716994 13.455
 40   122.928 53609.54943040 24.24 311.249736  -6.696566 14.661
 40   122.848 53609.54943104 27.95 311.249006  -6.699866 14.661
 40   122.744 53609.54943169 21.97 311.248276  -6.703166 14.661
 40   122.774 53609.54943233 22.94 311.247546  -6.706476 14.661
 40   122.843 53609.54943298 24.78 311.246806  -6.709776 14.661
 40   122.560 53609.54943362 21.53 311.246076  -6.713086 14.661
 40   122.677 53609.54943427 20.05 311.245344  -6.716391 12.416
 41   122.718 53644.54943296 32.53 311.249772  -6.695177 17.040
 41   122.826 53644.54943361 39.81 311.249042  -6.698477 17.040
 41   122.845 53644.54943425 45.28 311.248312  -6.701777 17.040
 41   123.061 53644.54943490 47.84 311.247572  -6.705087 17.040
 41   121.835 53644.54943554 49.74 311.246842  -6.708387 17.040
 41   123.208 53644.54943619 47.03 311.246112  -6.711687 17.040
 41   122.620 53644.54943683 47.63 311.245378  -6.715000 11.486
 42   123.052 53679.54945199 39.94 311.244199  -6.701199 16.090
 42   122.872 53679.54945264 50.55 311.243469  -6.704499 16.090
 42   122.756 53679.54945328 51.98 311.242729  -6.707809 16.090
 42   122.129 53679.54945393 49.40 311.241999  -6.711109 16.090
 42   123.034 53679.54945457 49.35 311.241269  -6.714419 16.090
 42   122.923 53679.54945521 51.74 311.240532  -6.717713 15.078
 43   128.244 53714.54937792 19.85 311.255568  -6.691357 17.234
 43   127.651 53714.54937857 19.67 311.254838  -6.694657 17.234
 43   125.784 53714.54937921 22.48 311.254098  -6.697967 17.234
 43   125.354 53714.54937986 32.94 311.253368  -6.701267 17.234
 43   124.953 53714.54938050 26.53 311.252638  -6.704567 17.234
 43   124.531 53714.54938115 21.96 311.251908  -6.707877 17.234
 44   127.204 53749.54929291 49.31 311.256545  -6.688865 16.649
 44   127.439 53749.54929356 46.58 311.255805  -6.692165 16.649
 44   127.360 53749.54929420 46.39 311.255075  -6.695475 16.649
 44   127.165 53749.54929485 47.59 311.254345  -6.698775 16.649
 44   127.227 53749.54929549 46.01 311.253605  -6.702075 16.649
 44   127.127 53749.54929614 45.41 311.252875  -6.705385 16.649
 44   127.179 53749.54929678 48.13 311.252145  -6.708685 16.649
 45   127.573 53784.54932346 45.33 311.256310  -6.689055 19.781
 45   127.573 53784.54932411 46.35 311.255570  -6.692355 19.781
 45   127.361 53784.54932475 47.22 311.254840  -6.695665 19.781
 45   127.445 53784.54932539 50.74 311.254110  -6.698965 19.781
 45   127.302 53784.54932604 50.07 311.253380  -6.702265 19.781
 45   127.498 53784.54932668 48.34 311.252640  -6.705575 19.781
 45   127.354 53784.54932733 51.02 311.251910  -6.708875 19.781
 46   127.729 53819.54928381 41.67 311.256300  -6.689728 26.087
 46   127.724 53819.54928445 43.95 311.255570  -6.693028 26.087
 46   127.946 53819.54928509 47.37 311.254840  -6.696338 26.087
 46   127.717 53819.54928574 46.88 311.254100  -6.699638 26.087
 46   127.778 53819.54928638 46.45 311.253370  -6.702938 26.087
 46   127.786 53819.54928703 46.48 311.252640  -6.706248 26.087
 46   127.814 53819.54928767 41.05 311.251910  -6.709548 26.087
 47   129.877 53854.54936779 45.74 311.244869  -6.701130 27.093
 47   129.883 53854.54936843 44.85 311.244139  -6.704440 27.093
 47   129.730 53854.54936908 43.99 311.243409  -6.707740 27.093
 47   129.928 53854.54936972 48.73 311.242669  -6.711040 27.093
 47   129.791 53854.54937037 52.06 311.241939  -6.714350 27.093
 47   129.900 53854.54937101 50.22 311.241209  -6.717650 27.093
 48   127.778 53889.54937376 24.26 311.259421  -6.687591 12.950
 48   127.972 53889.54937441 22.15 311.258691  -6.690901 12.950
 48   127.590 53889.54937505 19.50 311.257961  -6.694201 12.950
 48   126.989 53889.54937570 19.70 311.257231  -6.697501 12.950
 48   126.967 53889.54937634 19.60 311.256491  -6.700811 12.950
 48   127.103 53889.54937699 18.22 311.255761  -6.704111 12.950
 49   124.358 53924.54944382 47.20 311.238513  -6.704747 14.480
 49   124.306 53924.54944446 49.87 311.237783  -6.708047 14.480
 49   124.024 53924.54944511 48.55 311.237043  -6.711347 14.480
 49   124.179 53924.54944575 47.59 311.236313  -6.714657 14.480
