# NaN NaN NaN ;Mean Elev.(m), Avg Gradient(m/km), RMS Gradient(m/km) - SRTM1     
#   82.964  -1.705  10.767 ;Mean Elev.(m), Avg Gradient(m/km), RMS Gradient(m/km) - ASTER GDEM
#   97.238  -1.690   7.094 ;Mean Elev.(m), Avg Gradient(m/km), RMS Gradient(m/km) - GMTED2010 
  7    92.124 52459.05300009 47.80 311.778804  -5.565050 15.302
  7    92.467 52459.05300073 52.14 311.778074  -5.561740 15.302
  7    92.613 52459.05300138 50.74 311.777338  -5.558443 17.018
  7    92.576 52459.05300202 50.36 311.776608  -5.555133 17.018
  9    92.247 52529.05296701 49.43 311.778296  -5.564689 14.070
  9    92.379 52529.05296765 51.37 311.777566  -5.561379 14.070
  9    92.126 52529.05296830 51.10 311.776826  -5.558079 14.070
  9    92.094 52529.05296894 49.24 311.776096  -5.554779 14.070
 10    91.891 52564.05299370 45.47 311.785392  -5.570706 19.841
 10    92.156 52564.05299434 51.63 311.784652  -5.567396 19.841
 10    92.102 52564.05299499 49.95 311.783922  -5.564096 19.841
 10    92.032 52564.05299563 50.57 311.783192  -5.560796 19.841
 11    92.515 52599.05302100 47.05 311.769235  -5.559724 22.205
 11    92.525 52599.05302164 44.96 311.768505  -5.556414 22.205
 11    92.366 52599.05302229 51.22 311.767775  -5.553114 22.205
 11    92.420 52599.05302293 51.09 311.767045  -5.549814 22.205
 12    92.968 52634.05297205 52.18 311.774961  -5.561601 19.491
 12    92.923 52634.05297270 51.14 311.774231  -5.558301 19.491
 12    93.084 52634.05297334 50.91 311.773501  -5.554991 19.491
 13    94.787 52669.05298501 45.40 311.774707  -5.562365 17.345
 13    94.686 52669.05298565 44.34 311.773977  -5.559055 17.345
 13    94.684 52669.05298630 41.56 311.773247  -5.555755 17.345
 13    94.540 52669.05298694 34.60 311.772517  -5.552455 17.345
 14    96.856 52704.05296689 30.08 311.782880  -5.568820 22.447
 14    96.161 52704.05296753 30.39 311.782150  -5.565510 22.447
 14    96.159 52704.05296818 41.33 311.781420  -5.562210 22.447
 14    96.353 52704.05296882 47.48 311.780690  -5.558910 22.447
 15    97.843 52739.05300494 43.41 311.776366  -5.564652 18.734
 15    97.885 52739.05300559 47.13 311.775636  -5.561342 18.734
 15    97.679 52739.05300623 47.20 311.774906  -5.558042 18.734
 15    97.735 52739.05300687 47.02 311.774176  -5.554742 18.734
 16    96.244 52774.05295523 50.58 311.781775  -5.566012 23.962
 16    96.159 52774.05295588 52.87 311.781055  -5.562712 23.962
 16    96.096 52774.05295652 53.65 311.780315  -5.559402 23.962
 17    93.130 52809.05302815 50.65 311.774098  -5.561596 28.857
 17    93.217 52809.05302880 51.10 311.773368  -5.558296 28.857
 17    93.262 52809.05302944 51.17 311.772638  -5.554986 28.857
 17    93.013 52809.05303009 49.66 311.771908  -5.551686 28.857
 18    92.673 52844.05308494 52.38 311.776433  -5.562303 17.254
 18    92.582 52844.05308559 51.94 311.775703  -5.559003 17.254
 18    92.327 52844.05308623 52.22 311.774973  -5.555693 17.254
 19    92.268 52879.05312304 38.55 311.774452  -5.561530 19.145
 19    92.270 52879.05312368 41.92 311.773722  -5.558220 19.145
 19    92.148 52879.05312433 46.79 311.772992  -5.554920 19.145
 19    92.417 52879.05312497 48.33 311.772262  -5.551620 19.145
 20    95.545 52914.05307937 17.55 311.782711  -5.568456 17.861
 20    92.272 52914.05308002 18.77 311.781981  -5.565156 17.861
 20    92.324 52914.05308066 29.81 311.781251  -5.561846 17.861
 20    92.404 52914.05308131 44.47 311.780521  -5.558546 17.861
 21    92.475 52949.05303778 40.98 311.783683  -5.568958 13.724
 21    92.688 52949.05303843 49.48 311.782953  -5.565658 13.724
 21    92.598 52949.05303907 50.10 311.782223  -5.562358 13.724
 21    92.360 52949.05303972 49.56 311.781493  -5.559048 13.724
 22    93.116 52984.05306712 46.17 311.783181  -5.568684  9.019
 22    93.224 52984.05306776 50.93 311.782443  -5.565388 20.348
 22    93.094 52984.05306841 52.88 311.781713  -5.562078 20.348
 22    93.175 52984.05306905 50.85 311.780983  -5.558778 20.348
 23    93.912 53019.05305992 49.63 311.777934  -5.565040 29.162
 23    93.896 53019.05306057 53.52 311.777204  -5.561730 29.162
 23    93.859 53019.05306121 52.81 311.776474  -5.558430 29.162
 23    93.922 53019.05306186 53.59 311.775744  -5.555130 29.162
 24    98.262 53054.05304374 47.62 311.782306  -5.567104 23.773
 24    98.018 53054.05304438 39.60 311.781576  -5.563804 23.773
 24    98.437 53054.05304503 36.52 311.780846  -5.560504 23.773
 24    98.427 53054.05304567 41.19 311.780116  -5.557194 23.773
 25    99.455 53089.05308267 52.47 311.767123  -5.558301 25.178
 25    99.331 53089.05308332 51.56 311.766393  -5.555001 25.178
 25    99.610 53089.05308396 47.92 311.765663  -5.551701 25.178
 25    99.559 53089.05308461 51.62 311.764933  -5.548391 25.178
 26    98.581 53124.05305148 49.76 311.778100  -5.564907 29.450
 26    98.570 53124.05305213 50.23 311.777370  -5.561607 29.450
 26    98.588 53124.05305277 49.19 311.776640  -5.558297 29.450
 26    98.603 53124.05305342 49.49 311.775910  -5.554997 29.450
 27    94.659 53159.05311178 48.58 311.769614  -5.560564 17.507
 27    94.552 53159.05311242 51.96 311.768884  -5.557264 17.507
 27    94.411 53159.05311307 50.81 311.768154  -5.553954 17.507
 27    94.509 53159.05311371 49.90 311.767424  -5.550654 17.507
 28    96.183 53194.05310559 22.55 311.780549  -5.564786 10.436
 28    95.283 53194.05310624 22.61 311.779819  -5.561486 10.436
 28    92.779 53194.05310688 30.40 311.779089  -5.558176 10.436
 29    92.501 53229.05309764 49.63 311.782110  -5.567479 23.341
 29    92.614 53229.05309828 50.57 311.781370  -5.564179 23.341
 29    92.419 53229.05309893 37.86 311.780640  -5.560869 23.341
 29    92.419 53229.05309957 25.08 311.779910  -5.557569 23.341
 30    92.600 53264.05307116 50.43 311.773128  -5.560032 20.698
 30    92.418 53264.05307180 50.17 311.772398  -5.556732 20.698
 30    92.300 53264.05307245 51.47 311.771668  -5.553422 20.698
 31    92.486 53299.05311483 39.24 311.766639  -5.559664  7.860
 31    92.653 53299.05311548 33.62 311.765909  -5.556354  7.860
 31    92.108 53299.05311612 24.77 311.765179  -5.553054  7.860
 31    92.273 53299.05311677 19.41 311.764449  -5.549754  7.860
 31    92.118 53299.05311741 20.52 311.763719  -5.546444  7.860
 32    92.709 53334.05308457 19.98 311.776714  -5.563363 17.042
 32    92.394 53334.05308522 21.68 311.775984  -5.560063 17.042
 32    92.625 53334.05308586 33.32 311.775254  -5.556763 17.042
 32    92.493 53334.05308651 40.80 311.774524  -5.553453 17.042
 33    93.128 53369.05302554 50.34 311.779024  -5.565041 22.959
 33    93.204 53369.05302619 51.64 311.778294  -5.561741 22.959
 33    93.122 53369.05302683 51.73 311.777564  -5.558441 22.959
 33    93.103 53369.05302748 50.87 311.776834  -5.555131 22.959
 34    95.899 53404.05305723 25.32 311.777778  -5.563399 21.792
 34    94.874 53404.05305787 29.33 311.777048  -5.560089 21.792
 34    94.874 53404.05305852 37.49 311.776318  -5.556789 21.792
 34    94.970 53404.05305916 43.48 311.775588  -5.553489 21.792
 35    96.989 53439.05304496 49.69 311.777507  -5.564340 27.112
 35    97.068 53439.05304560 50.94 311.776777  -5.561040 27.112
 35    97.103 53439.05304625 51.77 311.776047  -5.557730 27.112
 35    96.991 53439.05304689 52.52 311.775317  -5.554430 27.112
 36    97.297 53474.05310485 39.73 311.772440  -5.561769 18.434
 36    97.201 53474.05310549 43.55 311.771710  -5.558469 18.434
 36    97.019 53474.05310614 43.85 311.770980  -5.555159 18.434
 36    96.989 53474.05310678 50.44 311.770250  -5.551859 18.434
 37    95.662 53509.05312594 37.23 311.775693  -5.563465 18.930
 37    95.635 53509.05312659 42.29 311.774963  -5.560165 18.930
 37    95.712 53509.05312723 46.59 311.774233  -5.556865 18.930
 37    95.571 53509.05312788 47.98 311.773503  -5.553555 18.930
 38    93.285 53544.05313985 46.64 311.771917  -5.561241 25.318
 38    93.271 53544.05314050 50.65 311.771187  -5.557941 25.318
 38    93.277 53544.05314114 51.05 311.770457  -5.554631 25.318
 38    93.152 53544.05314178 49.77 311.769727  -5.551331 25.318
 39    92.532 53579.05311974 49.01 311.775096  -5.562655 20.797
 39    92.533 53579.05312039 51.70 311.774366  -5.559355 20.797
 39    92.324 53579.05312103 52.22 311.773636  -5.556045 20.797
 39    92.482 53579.05312168 49.65 311.772906  -5.552745 20.797
 40    92.443 53614.05307380 38.22 311.772671  -5.560391 20.381
 40    92.145 53614.05307444 42.57 311.771941  -5.557081 20.381
 40    92.097 53614.05307509 47.61 311.771211  -5.553781 20.381
 41    91.286 53649.05307891 21.08 311.779879  -5.565329 11.940
 41    91.716 53649.05307956 21.25 311.779149  -5.562029 11.940
 41    91.602 53649.05308020 23.03 311.778419  -5.558719 11.940
 41    91.714 53649.05308085 23.35 311.777689  -5.555419 11.940
 42    91.782 53684.05309411 23.28 311.770946  -5.561174  4.961
 42    91.768 53684.05309475 23.04 311.770216  -5.557864  4.961
 42    91.830 53684.05309540 23.72 311.769486  -5.554564  4.961
 42    91.904 53684.05309604 26.20 311.768756  -5.551264  4.961
 43    93.450 53719.05301985 43.92 311.780117  -5.565539 20.584
 43    92.283 53719.05302049 35.15 311.779387  -5.562239 20.584
 43    94.411 53719.05302114 21.22 311.778657  -5.558939 20.584
 43    93.466 53719.05302178 36.19 311.777927  -5.555629 20.584
 44    95.480 53754.05294092 47.61 311.786332  -5.571134 26.725
 44    95.423 53754.05294156 50.27 311.785592  -5.567834 26.725
 44    95.498 53754.05294221 50.47 311.784862  -5.564524 26.725
 44    95.366 53754.05294285 53.72 311.784132  -5.561224 26.725
 45    95.495 53789.05297172 50.83 311.781917  -5.567635 25.572
 45    95.641 53789.05297236 53.79 311.781187  -5.564335 25.572
 45    95.444 53789.05297301 53.39 311.780457  -5.561035 25.572
 45    95.555 53789.05297365 51.39 311.779727  -5.557725 25.572
 46    96.370 53824.05292736 51.57 311.782994  -5.567228 24.756
 46    96.308 53824.05292800 51.26 311.782264  -5.563928 24.756
 46    96.277 53824.05292865 53.03 311.781534  -5.560628 24.756
 46    96.235 53824.05292929 50.59 311.780804  -5.557318 24.756
 47    98.356 53859.05302206 53.06 311.772516  -5.559724 27.617
 47    98.403 53859.05302270 50.39 311.771776  -5.556414 27.617
 47    98.380 53859.05302335 49.94 311.771046  -5.553114 27.617
 48    94.659 53894.05303708 47.70 311.780383  -5.564770 20.139
 48    94.694 53894.05303773 49.26 311.779653  -5.561470 20.139
 48    94.656 53894.05303837 50.12 311.778923  -5.558170 20.139
 49    92.771 53929.05309506 49.11 311.765484  -5.558784 21.323
 49    92.875 53929.05309571 49.99 311.764754  -5.555484 21.323
 49    92.730 53929.05309635 50.74 311.764024  -5.552184 21.323
 49    92.746 53929.05309700 51.74 311.763294  -5.548874 21.323
 49    92.829 53929.05309764 48.33 311.762564  -5.545574 21.323
 50    92.465 53964.05307496 48.13 311.769200  -5.560423 21.836
 50    92.576 53964.05307560 52.46 311.768470  -5.557123 21.836
 50    92.408 53964.05307625 51.12 311.767730  -5.553813 21.836
 50    92.406 53964.05307689 51.87 311.767000  -5.550513 21.836
 51    95.859 53999.05302526 18.61 311.781075  -5.566577 16.519
 51    91.926 53999.05302591 20.86 311.780345  -5.563277 16.519
 51    91.949 53999.05302655 25.86 311.779615  -5.559967 16.519
 51    92.005 53999.05302720 34.92 311.778885  -5.556667 16.519
 52    92.539 54034.05307227 22.09 311.780071  -5.564897 20.282
 52    92.187 54034.05307292 32.68 311.779331  -5.561587 20.282
 52    92.576 54034.05307356 44.69 311.778601  -5.558287 20.282
 52    92.635 54034.05307420 50.46 311.777871  -5.554977 20.282
 54    93.973 54104.05302302 50.36 311.775712  -5.562714 19.920
 54    94.032 54104.05302366 50.55 311.774982  -5.559414 19.920
 54    93.852 54104.05302431 49.35 311.774252  -5.556104 19.920
 54    93.814 54104.05302495 49.34 311.773522  -5.552804 19.920
 55    95.798 54139.05299735 21.48 311.776415  -5.562097 16.057
 55    95.045 54139.05299799 22.42 311.775685  -5.558787 16.057
 55    95.584 54139.05299864 22.43 311.774955  -5.555487 16.057
 56    97.762 54174.05300224 47.70 311.775487  -5.561410 18.363
 56    97.526 54174.05300288 49.74 311.774757  -5.558100 18.363
 56    97.666 54174.05300353 49.20 311.774027  -5.554800 18.363
 57    97.254 54209.05300285 39.96 311.775746  -5.563189 17.244
 57    97.284 54209.05300350 42.95 311.775016  -5.559889 17.244
 57    97.202 54209.05300414 43.47 311.774286  -5.556579 17.244
 57    97.231 54209.05300479 46.17 311.773556  -5.553279 17.244
 58    93.783 54244.05303440 48.34 311.777152  -5.564419 20.421
 58    93.949 54244.05303505 50.38 311.776422  -5.561119 20.421
 58    93.888 54244.05303569 48.47 311.775692  -5.557809 20.421
 58    93.778 54244.05303633 51.20 311.774962  -5.554509 20.421
 59    92.690 54279.05304703 49.63 311.776992  -5.563867 24.476
 59    92.628 54279.05304767 50.91 311.776262  -5.560567 24.476
 59    92.636 54279.05304832 44.38 311.775532  -5.557257 24.476
 59    92.540 54279.05304896 33.73 311.774802  -5.553957 24.476
 60    92.396 54314.05304643 44.24 311.778531  -5.563953 22.249
 60    92.395 54314.05304707 48.62 311.777801  -5.560653 22.249
 60    92.406 54314.05304772 50.73 311.777071  -5.557353 22.249
 60    92.495 54314.05304836 49.37 311.776341  -5.554043 22.249
 61    92.292 54349.05301683 52.13 311.776683  -5.562315 26.364
 61    92.199 54349.05301748 52.14 311.775953  -5.559005 26.364
 61    92.052 54349.05301812 51.86 311.775223  -5.555705 26.364
 62    91.574 54384.05298416 17.34 311.778538  -5.565295 13.318
 62    91.907 54384.05298480 17.97 311.777808  -5.561995 13.318
 62    91.982 54384.05298544 20.28 311.777078  -5.558685 13.318
 62    91.894 54384.05298609 30.54 311.776348  -5.555385 13.318
 63    92.321 54419.05296629 50.91 311.775949  -5.561863 24.113
 63    92.337 54419.05296694 52.76 311.775219  -5.558563 24.113
 63    92.138 54419.05296758 52.53 311.774489  -5.555263 24.113
 64    92.720 54454.05295538 40.36 311.777882  -5.563012 18.884
 64    92.641 54454.05295602 27.06 311.777152  -5.559702 18.884
 64    92.366 54454.05295666 37.87 311.776422  -5.556402 18.884
 65    93.303 54489.05296467 48.81 311.778632  -5.565749 15.630
 65    93.474 54489.05296531 46.65 311.777902  -5.562449 15.630
 65    93.404 54489.05296596 40.67 311.777172  -5.559139 15.630
 65    93.316 54489.05296660 35.04 311.776442  -5.555839 15.630
 66    94.868 54524.05296784 50.42 311.779239  -5.565146 19.384
 66    95.010 54524.05296848 51.45 311.778509  -5.561846 19.384
 66    95.007 54524.05296913 50.58 311.777779  -5.558536 19.384
 66    95.009 54524.05296977 50.03 311.777049  -5.555236 19.384
 67    97.128 54559.05297434 48.18 311.776719  -5.564626 22.807
 67    97.067 54559.05297499 50.60 311.775989  -5.561326 22.807
 67    96.968 54559.05297563 53.59 311.775259  -5.558026 22.807
 67    97.125 54559.05297628 51.19 311.774529  -5.554716 22.807
 68    96.629 54594.05296498 43.96 311.776236  -5.562897 19.812
 68    96.505 54594.05296563 46.13 311.775506  -5.559597 19.812
 68    96.455 54594.05296627 48.71 311.774776  -5.556297 19.812
 68    96.515 54594.05296692 50.79 311.774046  -5.552987 19.812
 69    93.330 54629.05297952 51.06 311.775926  -5.562213 20.596
 69    93.432 54629.05298017 51.85 311.775196  -5.558903 20.596
 69    93.372 54629.05298081 50.46 311.774466  -5.555603 20.596
 69    93.288 54629.05298145 49.72 311.773736  -5.552293 20.596
 70    92.882 54664.05298661 50.07 311.774367  -5.560974 14.921
 70    92.723 54664.05298726 49.59 311.773637  -5.557664 14.921
 70    92.599 54664.05298790 50.24 311.772907  -5.554364 14.921
 71    92.297 54699.05295859 47.37 311.777968  -5.563077 20.808
 71    92.308 54699.05295924 50.92 311.777238  -5.559777 20.808
 71    92.211 54699.05295988 52.89 311.776508  -5.556467 20.808
 72    91.850 54734.05294436 23.25 311.777023  -5.563401  8.907
 72    91.929 54734.05294501 26.79 311.776293  -5.560091  8.907
 72    91.946 54734.05294565 39.77 311.775563  -5.556791  8.907
 72    92.185 54734.05294630 45.00 311.774833  -5.553481  8.907
 73    92.320 54769.05293794 48.16 311.777864  -5.563451 20.921
 73    92.176 54769.05293858 40.35 311.777134  -5.560151 20.921
 73    92.141 54769.05293923 48.12 311.776404  -5.556851 20.921
 73    92.246 54769.05293987 48.48 311.775674  -5.553541 20.921
 74    92.558 54804.05293794 24.96 311.775664  -5.561490  8.359
 74    92.548 54804.05293859 32.00 311.774934  -5.558180  8.359
 74    92.599 54804.05293923 40.55 311.774204  -5.554880  8.359
 75    94.145 54839.05293247 50.85 311.777188  -5.562511 20.542
 75    93.972 54839.05293312 51.37 311.776458  -5.559211 20.542
 75    93.974 54839.05293376 52.61 311.775728  -5.555901 20.542
 76    96.050 54874.05293755 22.08 311.776754  -5.564723  6.117
 76    94.031 54874.05293820 23.31 311.776024  -5.561413  6.117
 76    94.499 54874.05293884 22.56 311.775294  -5.558113  6.117
 76    94.686 54874.05293949 20.86 311.774564  -5.554803  6.117
 77    96.280 54909.05293837 49.76 311.774902  -5.563071 24.622
 77    96.222 54909.05293902 51.60 311.774172  -5.559771 24.622
 77    96.301 54909.05293966 50.22 311.773442  -5.556471 24.622
 77    96.268 54909.05294030 51.18 311.772712  -5.553161 24.622
 78    96.642 54944.05293054 46.28 311.775850  -5.564184 14.061
 78    96.768 54944.05293118 47.34 311.775120  -5.560874 14.061
 78    96.719 54944.05293183 48.80 311.774390  -5.557574 14.061
 78    96.620 54944.05293247 52.18 311.773660  -5.554264 14.061
 79    96.991 54979.05295793 47.45 311.775694  -5.564042 20.825
 79    96.869 54979.05295858 50.15 311.774964  -5.560742 20.825
 79    96.896 54979.05295922 52.52 311.774234  -5.557442 20.825
 79    96.975 54979.05295987 52.30 311.773504  -5.554132 20.825
 80    93.494 55014.05296255 50.58 311.776252  -5.562492 20.583
 80    93.406 55014.05296319 51.42 311.775522  -5.559192 20.583
 80    93.566 55014.05296384 49.02 311.774792  -5.555882 20.583
 80    93.090 55014.05296448 49.97 311.774062  -5.552582 20.583
 81    92.781 55049.05295585 50.24 311.777486  -5.562918 20.696
 81    92.567 55049.05295649 51.68 311.776756  -5.559618 20.696
 81    92.583 55049.05295713 51.41 311.776026  -5.556308 20.696
 82    92.201 55084.05292461 45.83 311.776472  -5.564013 17.229
 82    92.110 55084.05292525 46.22 311.775742  -5.560713 17.229
 82    92.278 55084.05292590 51.03 311.775012  -5.557403 17.229
 82    92.285 55084.05292654 51.49 311.774282  -5.554103 17.229
 83    92.133 55119.05288722 18.63 311.778780  -5.563587  7.819
 83    92.227 55119.05288786 24.70 311.778050  -5.560287  7.819
 83    92.305 55119.05288851 40.34 311.777320  -5.556977  7.819
 84    93.229 55154.05288305 49.00 311.775925  -5.563569 21.610
 84    93.306 55154.05288369 51.66 311.775195  -5.560269 21.610
 84    93.146 55154.05288434 51.81 311.774465  -5.556969 21.610
 84    93.138 55154.05288498 50.97 311.773735  -5.553659 21.610
 85    94.297 55189.05287675 49.30 311.776313  -5.563097 12.246
 85    94.082 55189.05287739 51.71 311.775583  -5.559787 12.246
 85    94.013 55189.05287804 50.38 311.774853  -5.556487 12.246
 85    94.057 55189.05287868 46.14 311.774123  -5.553177 12.246
 86    95.722 55224.05288303 47.38 311.776110  -5.562558 18.661
 86    95.571 55224.05288368 51.95 311.775380  -5.559258 18.661
 86    95.710 55224.05288432 49.03 311.774650  -5.555948 18.661
 86    95.611 55224.05288497 49.59 311.773920  -5.552648 18.661
 87    96.209 55259.05287174 49.85 311.778197  -5.564846 19.219
 87    96.213 55259.05287238 51.12 311.777467  -5.561546 19.219
 87    96.213 55259.05287303 50.50 311.776737  -5.558236 19.219
 87    96.233 55259.05287367 50.75 311.776007  -5.554936 19.219
 88    96.772 55294.05286978 48.06 311.776073  -5.562286 21.839
 88    96.830 55294.05287043 49.69 311.775343  -5.558986 21.839
 88    96.818 55294.05287107 48.39 311.774613  -5.555686 21.839
 88    96.630 55294.05287172 50.03 311.773883  -5.552376 21.839
 89    94.772 55329.05285578 50.66 311.774429  -5.562479 25.805
 89    94.807 55329.05285643 53.71 311.773699  -5.559179 25.805
 89    94.742 55329.05285707 50.76 311.772969  -5.555879 25.805
 89    94.740 55329.05285772 50.85 311.772239  -5.552569 25.805
 90    92.905 55364.05284989 49.20 311.776723  -5.562880 19.385
 90    92.853 55364.05285053 46.65 311.775993  -5.559580 19.385
 90    92.834 55364.05285118 50.38 311.775263  -5.556270 19.385
 90    92.904 55364.05285182 49.50 311.774533  -5.552970 19.385
 91    92.225 55399.05285932 47.67 311.777207  -5.564889 16.349
 91    92.506 55399.05285996 50.76 311.776477  -5.561589 16.349
 91    92.400 55399.05286061 51.20 311.775747  -5.558279 16.349
 91    92.397 55399.05286125 51.24 311.775017  -5.554979 16.349
 92    91.842 55434.05286551 46.16 311.779266  -5.566309 19.694
 92    92.049 55434.05286615 51.98 311.778536  -5.563009 19.694
 92    92.204 55434.05286680 49.01 311.777806  -5.559709 19.694
 92    92.285 55434.05286744 47.76 311.777076  -5.556399 19.694
 93    91.768 55469.05282183 19.42 311.777220  -5.562977 10.051
 93    91.809 55469.05282248 21.94 311.776490  -5.559677 10.051
 93    91.758 55469.05282312 22.01 311.775760  -5.556377 10.051
 93    91.875 55469.05282377 24.34 311.775030  -5.553067 10.051
