# NaN NaN NaN ;Mean Elev.(m), Avg Gradient(m/km), RMS Gradient(m/km) - SRTM1     
#   82.964  -1.705  10.767 ;Mean Elev.(m), Avg Gradient(m/km), RMS Gradient(m/km) - ASTER GDEM
#   97.238  -1.690   7.094 ;Mean Elev.(m), Avg Gradient(m/km), RMS Gradient(m/km) - GMTED2010 
  7 311.777706  -5.560092    92.445    92.522  4 52459.05300105 50.523
  9 311.777196  -5.559731    92.211    92.186  4 52529.05296798 50.390
 10 311.784289  -5.565748    92.045    92.067  4 52564.05299466 49.931
 11 311.768140  -5.554766    92.457    92.468  4 52599.05302197 49.332
 12 311.774231  -5.558298    92.992    92.968  3 52634.05297270 51.446
 13 311.773612  -5.557408    94.674    94.685  4 52669.05298597 42.958
 14 311.781785  -5.563862    96.382    96.257  4 52704.05296786 42.533
 15 311.775271  -5.559694    97.786    97.789  4 52739.05300591 46.444
 16 311.781048  -5.562709    96.166    96.159  3 52774.05295588 52.550
 17 311.773003  -5.556641    93.156    93.174  4 52809.05302912 50.685
 18 311.775703  -5.559000    92.527    92.582  3 52844.05308559 52.184
 19 311.773357  -5.556572    92.276    92.269  4 52879.05312400 45.395
 20 311.781616  -5.563501    93.136    92.364  4 52914.05308034 38.615
 21 311.782588  -5.564005    92.530    92.537  4 52949.05303875 48.662
 22 311.782080  -5.563732    93.152    93.145  4 52984.05306808 50.801
 23 311.776839  -5.560083    93.897    93.904  4 53019.05306089 52.650
 24 311.781211  -5.562151    98.286    98.345  4 53054.05304470 43.252
 25 311.766028  -5.553348    99.489    99.507  4 53089.05308364 51.197
 26 311.777005  -5.559952    98.586    98.585  4 53124.05305245 49.684
 27 311.768519  -5.555609    94.533    94.531  4 53159.05311274 50.486
 28 311.779819  -5.561483    94.748    95.283  3 53194.05310624 26.869
 29 311.781007  -5.562524    92.488    92.460  4 53229.05309861 47.249
 30 311.772398  -5.556729    92.439    92.418  3 53264.05307180 50.727
 31 311.765179  -5.553054    92.328    92.302  5 53299.05311612 33.501
 32 311.775619  -5.558410    92.555    92.559  4 53334.05308554 35.568
 33 311.777929  -5.560088    93.139    93.125  4 53369.05302651 51.182
 34 311.776683  -5.558441    95.154    94.922  4 53404.05305820 38.617
 35 311.776412  -5.559385    97.038    97.030  4 53439.05304593 51.353
 36 311.771345  -5.556814    97.127    97.110  4 53474.05310582 46.206
 37 311.774598  -5.558512    95.645    95.648  4 53509.05312691 45.140
 38 311.770822  -5.556286    93.246    93.274  4 53544.05314082 49.828
 39 311.774001  -5.557700    92.468    92.507  4 53579.05312071 50.850
 40 311.771941  -5.557084    92.228    92.145  3 53614.05307444 44.387
 41 311.778784  -5.560374    91.580    91.658  4 53649.05307988 22.297
 42 311.769851  -5.556216    91.821    91.806  4 53684.05309507 24.259
 43 311.779022  -5.560586    93.402    93.458  4 53719.05302082 39.061
 44 311.785229  -5.566179    95.442    95.452  4 53754.05294189 51.064
 45 311.780822  -5.562682    95.534    95.525  4 53789.05297269 52.531
 46 311.781899  -5.562275    96.297    96.292  4 53824.05292833 51.708
 47 311.771779  -5.556417    98.380    98.380  3 53859.05302270 51.360
 48 311.779653  -5.561470    94.670    94.659  3 53894.05303773 49.138
 49 311.764024  -5.552181    92.790    92.755  5 53929.05309635 50.147
 50 311.768100  -5.555468    92.464    92.436  4 53964.05307592 51.176
 51 311.779980  -5.561622    92.935    91.977  4 53999.05302623 29.643
 52 311.778969  -5.559937    92.484    92.557  4 54034.05307324 45.522
 54 311.774617  -5.557759    93.918    93.912  4 54104.05302398 49.936
 55 311.775685  -5.558790    95.476    95.584  3 54139.05299799 22.132
 56 311.774757  -5.558103    97.651    97.666  3 54174.05300288 48.963
 57 311.774651  -5.558234    97.243    97.242  4 54209.05300382 43.677
 58 311.776057  -5.559464    93.849    93.836  4 54244.05303537 49.772
 59 311.775897  -5.558912    92.624    92.632  4 54279.05304799 47.870
 60 311.777436  -5.559000    92.423    92.401  4 54314.05304740 48.810
 61 311.775953  -5.559008    92.181    92.199  3 54349.05301748 52.045
 62 311.777443  -5.560340    91.839    91.901  4 54384.05298512 25.302
 63 311.775219  -5.558563    92.265    92.321  3 54419.05296694 52.141
 64 311.777152  -5.559705    92.576    92.641  3 54454.05295602 37.658
 65 311.777537  -5.560794    93.374    93.360  4 54489.05296564 45.351
 66 311.778144  -5.560191    94.974    95.008  4 54524.05296880 50.652
 67 311.775624  -5.559673    97.072    97.096  4 54559.05297531 51.309
 68 311.775141  -5.557944    96.526    96.510  4 54594.05296595 48.132
 69 311.774831  -5.557253    93.356    93.351  4 54629.05298049 50.843
 70 311.773637  -5.557667    92.735    92.723  3 54664.05298726 49.975
 71 311.777238  -5.559774    92.272    92.297  3 54699.05295924 50.942
 72 311.775928  -5.558441    91.977    91.937  4 54734.05294533 40.191
 73 311.776769  -5.558498    92.221    92.211  4 54769.05293890 47.235
 74 311.774934  -5.558183    92.568    92.558  3 54804.05293859 36.450
 75 311.776458  -5.559208    94.030    93.974  3 54839.05293312 51.674
 76 311.775659  -5.559763    94.816    94.593  4 54874.05293852 22.291
 77 311.773807  -5.558118    96.268    96.274  4 54909.05293934 50.752
 78 311.774755  -5.559224    96.687    96.680  4 54944.05293151 49.265
 79 311.774599  -5.559089    96.933    96.936  4 54979.05295890 51.034
 80 311.775157  -5.557537    93.389    93.450  4 55014.05296351 50.335
 81 311.776756  -5.559615    92.644    92.583  3 55049.05295649 51.154
 82 311.775377  -5.559058    92.218    92.239  4 55084.05292557 49.393
 83 311.778050  -5.560284    92.222    92.227  3 55119.05288786 35.714
 84 311.774830  -5.558616    93.205    93.188  4 55154.05288401 50.993
 85 311.775218  -5.558137    94.112    94.069  4 55189.05287772 49.818
 86 311.775015  -5.557603    95.654    95.661  4 55224.05288400 49.804
 87 311.777102  -5.559891    96.217    96.213  4 55259.05287270 50.579
 88 311.774978  -5.557333    96.762    96.795  4 55294.05287075 49.122
 89 311.773334  -5.557526    94.765    94.757  4 55329.05285675 51.703
 90 311.775628  -5.557925    92.874    92.878  4 55364.05285085 49.134
 91 311.776112  -5.559934    92.382    92.399  4 55399.05286029 50.438
 92 311.778171  -5.561356    92.095    92.127  4 55434.05286648 49.274
 93 311.776125  -5.558024    91.803    91.789  4 55469.05282280 22.268
