# NaN NaN NaN ;Mean Elev.(m), Avg Gradient(m/km), RMS Gradient(m/km) - SRTM1     
#  108.130   0.264   6.254 ;Mean Elev.(m), Avg Gradient(m/km), RMS Gradient(m/km) - ASTER GDEM
#  119.457   0.020   4.377 ;Mean Elev.(m), Avg Gradient(m/km), RMS Gradient(m/km) - GMTED2010 
  7   124.012 52443.05480577 44.03 311.295629  -6.684622 25.494
  7   123.982 52443.05480642 49.38 311.294889  -6.681322 25.494
  7   123.761 52443.05480706 50.99 311.294159  -6.678012 25.494
  8   122.708 52478.05480034 34.85 311.300709  -6.685036 11.945
  8   122.957 52478.05480098 43.14 311.299969  -6.681736 11.945
  8   124.081 52478.05480163 35.39 311.299239  -6.678426 11.945
  9   122.348 52513.05474322 48.67 311.312914  -6.678823 19.248
  9   122.612 52513.05474387 55.18 311.312184  -6.675523 19.248
  9   122.445 52513.05474451 48.78 311.311444  -6.672223 19.248
 10   122.952 52548.05478399 38.90 311.304922  -6.685298 21.055
 10   122.786 52548.05478463 47.65 311.304192  -6.681998 21.055
 10   122.528 52548.05478528 53.53 311.303452  -6.678698 21.055
 10   122.241 52548.05478592 46.33 311.302722  -6.675398 21.055
 11   122.975 52583.05478618 34.37 311.308519  -6.682809 16.853
 11   122.833 52583.05478682 45.88 311.307789  -6.679499 16.853
 11   122.729 52583.05478747 44.93 311.307049  -6.676199 16.853
 12   123.364 52618.05476033 51.70 311.301543  -6.683639 19.399
 12   123.198 52618.05476098 52.94 311.300813  -6.680329 19.399
 12   122.885 52618.05476162 49.10 311.300083  -6.677029 19.399
 13   124.543 52653.05473455 47.08 311.314615  -6.680029 22.137
 13   124.532 52653.05473520 51.45 311.313885  -6.676729 22.137
 13   124.487 52653.05473584 52.14 311.313145  -6.673429 22.137
 14   126.589 52688.05473449 49.67 311.306903  -6.684426 22.962
 14   126.401 52688.05473514 54.07 311.306173  -6.681116 22.962
 14   126.484 52688.05473578 50.62 311.305443  -6.677816 22.962
 14   126.345 52688.05473643 49.88 311.304713  -6.674516 22.962
 15   128.435 52723.05478159 53.71 311.305494  -6.682017 16.843
 15   128.478 52723.05478224 52.53 311.304754  -6.678717 16.843
 15   128.574 52723.05478288 49.08 311.304024  -6.675407 16.843
 16   128.390 52758.05480233 51.59 311.293889  -6.685662 24.084
 16   128.339 52758.05480298 52.37 311.293159  -6.682362 24.084
 16   128.424 52758.05480362 52.42 311.292419  -6.679052 24.084
 17   125.148 52793.05475534 50.07 311.308932  -6.682916 22.728
 17   125.055 52793.05475598 50.65 311.308192  -6.679616 22.728
 17   125.079 52793.05475663 51.99 311.307462  -6.676316 22.728
 18   123.898 52828.05482355 43.57 311.310376  -6.680445 15.461
 18   123.733 52828.05482419 44.13 311.309636  -6.677145 15.461
 18   123.238 52828.05482484 46.60 311.308906  -6.673835 15.461
 19   123.749 52863.05486881 47.68 311.311621  -6.679046 15.179
 19   122.751 52863.05486945 48.49 311.310881  -6.675746 15.179
 19   123.681 52863.05487010 39.87 311.310151  -6.672446 15.179
 20   122.629 52898.05489748 44.05 311.303918  -6.684740 30.625
 20   122.444 52898.05489812 53.60 311.303188  -6.681440 30.625
 20   122.348 52898.05489876 54.04 311.302448  -6.678140 30.625
 21   122.864 52933.05484305 47.86 311.302351  -6.684927 22.461
 21   122.620 52933.05484370 53.10 311.301621  -6.681627 22.461
 21   122.635 52933.05484434 51.72 311.300891  -6.678327 22.461
 22   123.935 52968.05485103 49.60 311.306965  -6.681006 22.943
 22   123.637 52968.05485168 56.36 311.306235  -6.677706 22.943
 22   123.631 52968.05485232 41.60 311.305495  -6.674406 22.943
 24   130.880 53038.05482327 24.39 311.301458  -6.684516 16.595
 24   127.530 53038.05482391 26.07 311.300718  -6.681206 16.595
 24   127.746 53038.05482455 30.95 311.299988  -6.677906 16.595
 25   130.594 53073.05485011 51.33 311.303753  -6.683441 22.960
 25   130.692 53073.05485075 49.14 311.303023  -6.680141 22.960
 25   130.581 53073.05485140 50.19 311.302293  -6.676831 22.960
 26   131.478 53108.05482307 49.86 311.301848  -6.686279 24.896
 26   131.268 53108.05482372 52.00 311.301118  -6.682979 24.896
 26   131.377 53108.05482436 51.68 311.300378  -6.679669 24.896
 27   127.949 53143.05485991 52.61 311.304981  -6.682784 21.151
 27   127.942 53143.05486055 52.25 311.304251  -6.679474 21.151
 27   128.005 53143.05486120 51.07 311.303511  -6.676174 21.151
 28   124.313 53178.05488107 48.92 311.307573  -6.683242 12.777
 28   124.365 53178.05488172 51.58 311.306843  -6.679942 12.777
 28   124.331 53178.05488236 51.16 311.306106  -6.676635 14.685
 29   123.157 53213.05490134 48.66 311.303876  -6.684867 16.410
 29   124.474 53213.05490199 46.37 311.303146  -6.681557 16.410
 29   123.167 53213.05490263 47.83 311.302416  -6.678257 16.410
 30   127.889 53248.05487016 16.35 311.306272  -6.684830 16.195
 30   127.119 53248.05487081 14.11 311.305532  -6.681520 16.195
 30   123.035 53248.05487145 16.70 311.304802  -6.678220 16.195
 30   123.048 53248.05487209 22.66 311.304072  -6.674910 16.195
 31   122.834 53283.05486121 35.95 311.303170  -6.685863 21.158
 31   122.570 53283.05486185 49.02 311.302440  -6.682553 21.158
 31   122.554 53283.05486249 52.82 311.301710  -6.679253 21.158
 32   123.186 53318.05486118 47.22 311.309099  -6.680959 20.565
 32   123.020 53318.05486182 47.06 311.308359  -6.677659 20.565
 32   122.682 53318.05486247 45.28 311.307629  -6.674359 20.565
 33   124.462 53353.05482735 43.22 311.309747  -6.680263 17.400
 33   123.835 53353.05482800 46.74 311.309017  -6.676963 17.400
 33   124.223 53353.05482864 40.36 311.308277  -6.673653 17.400
 34   125.425 53388.05482271 53.77 311.305476  -6.682783 22.395
 34   125.564 53388.05482335 51.01 311.304736  -6.679483 22.395
 34   125.510 53388.05482400 50.35 311.304006  -6.676173 22.395
 35   128.132 53423.05482315 48.39 311.312036  -6.681706 26.154
 35   128.050 53423.05482380 53.16 311.311306  -6.678406 26.154
 35   128.108 53423.05482444 51.58 311.310576  -6.675096 26.154
 35   128.215 53423.05482509 49.44 311.309846  -6.671796 26.154
 36   129.309 53458.05482828 49.51 311.311012  -6.682183 26.029
 36   129.122 53458.05482893 52.78 311.310272  -6.678883 26.029
 36   129.202 53458.05482957 51.76 311.309542  -6.675573 26.029
 36   129.200 53458.05483022 49.33 311.308812  -6.672273 26.029
 37   128.354 53493.05491311 47.93 311.299224  -6.686824 22.011
 37   128.206 53493.05491376 51.48 311.298484  -6.683524 22.011
 37   128.193 53493.05491440 50.33 311.297754  -6.680224 22.011
 38   125.046 53528.05489271 50.12 311.310412  -6.682022 26.862
 38   125.010 53528.05489335 53.30 311.309682  -6.678712 26.862
 38   124.946 53528.05489400 53.11 311.308942  -6.675412 26.862
 39   123.598 53563.05492137 47.49 311.299879  -6.687506 17.492
 39   124.683 53563.05492201 48.18 311.299149  -6.684206 17.492
 39   124.584 53563.05492266 44.14 311.298419  -6.680896 17.492
 39   124.190 53563.05492330 41.95 311.297679  -6.677596 17.492
 40   122.719 53598.05486234 53.98 311.308803  -6.681267 19.492
 40   122.603 53598.05486299 54.52 311.308063  -6.677967 19.492
 40   122.599 53598.05486363 47.63 311.307333  -6.674657 19.492
 41   122.455 53633.05485776 31.90 311.302347  -6.683878 19.377
 41   122.441 53633.05485840 46.34 311.301607  -6.680578 19.377
 41   122.816 53633.05485904 46.48 311.300877  -6.677268 19.377
 42   122.334 53668.05487974 18.54 311.301228  -6.683894 13.867
 42   122.377 53668.05488039 21.21 311.300488  -6.680594 13.867
 42   122.731 53668.05488103 22.58 311.299758  -6.677294 13.867
 43   123.310 53703.05482382 50.85 311.309810  -6.680124 18.475
 43   123.058 53703.05482446 53.35 311.309080  -6.676824 18.475
 43   122.969 53703.05482510 45.31 311.308350  -6.673514 18.475
 44   126.074 53738.05473293 47.82 311.310187  -6.682839 13.008
 44   125.974 53738.05473358 51.78 311.309457  -6.679539 13.008
 44   126.047 53738.05473422 52.99 311.308730  -6.676230 14.611
 44   125.982 53738.05473487 45.41 311.308000  -6.672930 14.611
 45   127.449 53773.05474614 20.80 311.311720  -6.681308 17.330
 45   127.059 53773.05474679 28.14 311.310980  -6.678008 17.330
 45   127.271 53773.05474743 32.01 311.310250  -6.674708 17.330
 46   126.621 53808.05473338 51.14 311.308375  -6.680777 23.298
 46   126.943 53808.05473402 51.02 311.307635  -6.677477 23.298
 46   126.885 53808.05473467 50.59 311.306905  -6.674167 23.298
 48   128.524 53878.05480302 53.90 311.308660  -6.680230 27.314
 48   128.616 53878.05480367 52.20 311.307920  -6.676930 27.314
 48   128.707 53878.05480431 51.92 311.307190  -6.673620 27.314
 49   124.287 53913.05485521 45.58 311.299891  -6.685579 26.295
 49   124.080 53913.05485585 51.75 311.299151  -6.682279 26.295
 49   124.213 53913.05485650 50.80 311.298421  -6.678979 26.295
 51   122.646 53983.05481032 36.60 311.304902  -6.685006  5.959
 51   122.690 53983.05481097 38.58 311.304170  -6.681698 19.181
 51   122.491 53983.05481161 44.60 311.303440  -6.678398 19.181
 52   122.524 54018.05484002 21.77 311.308287  -6.683465 19.328
 52   122.677 54018.05484067 35.04 311.307557  -6.680165 19.328
 52   122.689 54018.05484131 46.12 311.306817  -6.676865 19.328
 53   123.610 54053.05483428 52.31 311.313922  -6.678502 17.674
 53   123.720 54053.05483493 48.75 311.313192  -6.675192 17.674
 53   123.512 54053.05483557 42.12 311.312452  -6.671892 17.674
 54   124.735 54088.05482531 49.58 311.306993  -6.681872 17.487
 54   124.615 54088.05482595 52.15 311.306263  -6.678572 17.487
 54   124.474 54088.05482660 49.53 311.305523  -6.675262 17.487
 55   125.923 54123.05474820 44.33 311.305237  -6.683866  6.376
 55   125.625 54123.05474884 52.22 311.304511  -6.680558 16.420
 55   125.654 54123.05474948 51.94 311.303771  -6.677258 16.420
 56   128.903 54158.05478834 31.16 311.305733  -6.684515 17.366
 56   128.520 54158.05478898 26.38 311.305003  -6.681205 17.366
 56   128.727 54158.05478963 29.14 311.304263  -6.677905 17.366
 58   126.707 54228.05480045 51.44 311.305877  -6.683074 21.100
 58   126.581 54228.05480110 53.07 311.305147  -6.679764 21.100
 58   126.649 54228.05480174 49.54 311.304407  -6.676464 21.100
 59   123.973 54263.05481947 48.62 311.306872  -6.684296 23.138
 59   123.567 54263.05482011 54.49 311.306142  -6.680996 23.138
 59   123.968 54263.05482076 50.48 311.305402  -6.677696 23.138
 59   123.654 54263.05482140 48.25 311.304672  -6.674386 23.138
 60   122.981 54298.05482417 39.83 311.307044  -6.684402 21.726
 60   122.987 54298.05482482 49.00 311.306314  -6.681092 21.726
 60   122.731 54298.05482546 51.74 311.305584  -6.677792 21.726
 60   122.606 54298.05482611 47.17 311.304844  -6.674492 21.726
 61   122.580 54333.05481395 49.39 311.307275  -6.682938 19.000
 61   123.388 54333.05481459 52.86 311.306545  -6.679638 19.000
 61   122.409 54333.05481524 51.02 311.305805  -6.676328 19.000
 63   122.720 54403.05475703 42.95 311.306778  -6.683367 21.532
 63   122.256 54403.05475767 50.76 311.306038  -6.680067 21.532
 63   122.434 54403.05475832 49.85 311.305308  -6.676767 21.532
 65   123.785 54473.05474303 15.50 311.308367  -6.681323 11.887
 65   123.511 54473.05474368 17.61 311.307637  -6.678023 11.887
 65   123.708 54473.05474432 19.49 311.306907  -6.674713 11.887
 66   126.105 54508.05472508 51.66 311.305699  -6.681660 24.274
 66   126.092 54508.05472572 50.45 311.304959  -6.678350 24.274
 66   125.942 54508.05472637 45.12 311.304229  -6.675050 24.274
 67   127.837 54543.05475739 46.01 311.307118  -6.681277 20.130
 67   127.801 54543.05475804 46.59 311.306388  -6.677977 20.130
 67   127.788 54543.05475868 48.09 311.305648  -6.674677 20.130
 68   128.339 54578.05472755 28.22 311.305528  -6.683526 20.962
 68   128.558 54578.05472819 41.51 311.304798  -6.680216 20.962
 68   128.370 54578.05472883 48.46 311.304068  -6.676916 20.962
 69   126.052 54613.05474839 50.87 311.307082  -6.682968 23.399
 69   126.193 54613.05474904 52.59 311.306352  -6.679668 23.399
 69   126.002 54613.05474968 51.90 311.305612  -6.676368 23.399
 70   123.916 54648.05475450 42.36 311.306226  -6.684823 18.467
 70   123.727 54648.05475514 53.14 311.305496  -6.681513 18.467
 70   123.632 54648.05475579 54.30 311.304766  -6.678213 18.467
 70   123.532 54648.05475643 48.84 311.304026  -6.674913 18.467
 71   122.663 54683.05475524 48.42 311.306101  -6.683693 22.629
 71   122.796 54683.05475588 45.31 311.305371  -6.680383 22.629
 71   122.647 54683.05475653 47.06 311.304641  -6.677083 22.629
 72   122.589 54718.05470318 46.53 311.306015  -6.681862 24.818
 72   122.248 54718.05470383 53.23 311.305285  -6.678552 24.818
 72   122.268 54718.05470447 48.68 311.304555  -6.675252 24.818
 73   121.556 54753.05472820 46.50 311.306051  -6.682212 26.265
 73   122.258 54753.05472884 51.63 311.305321  -6.678912 26.265
 73   122.097 54753.05472949 49.89 311.304581  -6.675612 26.265
 74   122.863 54788.05469246 40.87 311.306013  -6.684825 24.279
 74   122.073 54788.05469311 46.46 311.305283  -6.681525 24.279
 74   122.794 54788.05469375 44.65 311.304553  -6.678215 24.279
 74   122.115 54788.05469440 48.94 311.303823  -6.674915 24.279
 75   124.274 54823.05472253 47.39 311.307285  -6.683031 19.042
 75   124.292 54823.05472317 49.86 311.306555  -6.679731 19.042
 75   124.292 54823.05472382 51.48 311.305815  -6.676431 19.042
 76   125.353 54858.05468935 50.41 311.306407  -6.682582 24.344
 76   125.711 54858.05469000 44.27 311.305677  -6.679272 24.344
 76   125.576 54858.05469064 45.37 311.304947  -6.675972 24.344
 77   128.307 54893.05472444 27.73 311.305221  -6.684853 22.202
 77   127.295 54893.05472509 36.38 311.304491  -6.681543 22.202
 77   127.219 54893.05472573 45.18 311.303761  -6.678243 22.202
 78   127.336 54928.05468630 48.77 311.304417  -6.685183 22.052
 78   127.081 54928.05468694 54.86 311.303687  -6.681883 22.052
 78   127.174 54928.05468759 50.35 311.302957  -6.678573 22.052
 80   125.504 54998.05474539 51.30 311.303859  -6.684233 25.793
 80   125.434 54998.05474604 52.64 311.303129  -6.680923 25.793
 80   125.679 54998.05474668 52.89 311.302389  -6.677623 25.793
 82   122.950 55068.05472304 45.94 311.306628  -6.683649 20.218
 82   122.816 55068.05472369 52.40 311.305898  -6.680339 20.218
 82   122.750 55068.05472433 49.98 311.305168  -6.677039 20.218
 83   122.561 55103.05466133 43.91 311.304324  -6.685073 22.152
 83   123.028 55103.05466197 42.55 311.303594  -6.681773 22.152
 83   122.689 55103.05466262 49.72 311.302864  -6.678463 22.152
 84   123.482 55138.05466912 45.33 311.306997  -6.684289 26.315
 84   123.215 55138.05466976 51.00 311.306267  -6.680979 26.315
 84   123.425 55138.05467041 50.81 311.305537  -6.677679 26.315
 84   122.933 55138.05467105 46.39 311.304797  -6.674379 26.315
 85   124.775 55173.05463075 50.43 311.305564  -6.681731 24.637
 85   124.783 55173.05463139 49.60 311.304834  -6.678431 24.637
 85   124.386 55173.05463204 46.90 311.304104  -6.675121 24.637
 86   126.641 55208.05466427 52.09 311.306572  -6.683176 20.595
 86   126.643 55208.05466492 54.36 311.305842  -6.679876 20.595
 86   126.677 55208.05466556 53.64 311.305102  -6.676576 20.595
 87   128.059 55243.05463461 49.42 311.304945  -6.684024 22.116
 87   127.869 55243.05463525 50.93 311.304215  -6.680724 22.116
 87   128.048 55243.05463590 49.19 311.303485  -6.677414 22.116
 88   127.639 55278.05465747 51.32 311.305799  -6.683767 21.934
 88   127.443 55278.05465811 53.09 311.305069  -6.680457 21.934
 88   127.725 55278.05465876 50.62 311.304339  -6.677157 21.934
 89   127.952 55313.05462113 53.27 311.305459  -6.682766 24.906
 89   127.912 55313.05462177 50.84 311.304729  -6.679456 24.906
 89   128.028 55313.05462242 51.11 311.303999  -6.676156 24.906
 90   127.853 55348.05462859 20.19 311.306789  -6.683654 20.485
 90   124.310 55348.05462924 32.75 311.306059  -6.680354 20.485
 90   124.503 55348.05462988 34.89 311.305319  -6.677054 20.485
 91   123.108 55383.05461855 47.38 311.305883  -6.684000 16.822
 91   123.910 55383.05461919 48.49 311.305153  -6.680700 16.822
 91   123.088 55383.05461984 48.15 311.304423  -6.677390 16.822
 92   122.492 55418.05464744 51.80 311.307074  -6.682950 17.922
 92   123.868 55418.05464809 51.24 311.306344  -6.679650 17.922
 92   122.587 55418.05464873 50.26 311.305604  -6.676350 17.922
 93   122.534 55453.05462826 43.49 311.306564  -6.683290 23.684
 93   122.157 55453.05462891 53.15 311.305834  -6.679980 23.684
 93   122.126 55453.05462955 53.45 311.305104  -6.676680 23.684
 94   123.030 55488.05454955 45.15 311.306560  -6.681776 17.934
 94   122.407 55488.05455020 34.44 311.305830  -6.678466 17.934
 94   122.196 55488.05455084 43.65 311.305100  -6.675166 17.934
