-258539.754   133.683     0.00    6.47
-258163.698   132.560    -2.99    6.26
-257787.647   132.009    -1.47    5.98
-257411.600   134.939     7.79    8.35
-257035.556   138.884    10.49    8.14
-256659.517   144.306    14.42    7.38
-256283.482   146.272     5.23    7.68
-255907.451   148.178     5.07    7.50
-255531.424   148.479     0.80    7.78
-255155.401   144.464   -10.68    9.99
-254779.382   137.561   -18.36   12.14
-254403.367   131.533   -16.03   11.41
-254027.357   125.668   -15.60    8.75
-253651.350   121.336   -11.52    6.75
-253275.347   118.845    -6.63    8.07
-252899.348   116.511    -6.21    7.91
-252523.354   118.128     4.30    9.27
-252147.363   126.046    21.06   14.89
-251771.377   136.965    29.04   15.89
-251395.394   144.588    20.27   11.59
-251019.416   145.564     2.60    9.79
-250643.441   140.182   -14.32   12.29
-250267.471   130.973   -24.49   12.25
-249891.505   121.667   -24.75    8.33
-249515.542   116.588   -13.51    6.65
-249139.584   113.695    -7.70    5.95
-248763.630   111.714    -5.27    6.18
-248387.680   109.351    -6.29    6.13
-248011.733   107.263    -5.55    6.15
-247635.791   104.695    -6.83    6.40
-247259.853   102.808    -5.02    5.96
-246883.919   102.999     0.51    6.56
-246507.989   104.768     4.71    7.00
-246132.063   107.857     8.22    5.28
-245756.140   109.479     4.31    3.91
-245380.222   109.920     1.17    4.30
-245004.308   113.719    10.11    6.14
-244628.398   114.839     2.98    5.81
-244252.492   115.587     1.99    6.44
-243876.590   114.486    -2.93    8.29
-243500.692   113.009    -3.93    9.60
-243124.798   114.140     3.01   10.39
-242748.908   117.019     7.66    9.33
-242373.022   119.539     6.70    7.37
-241997.139   121.155     4.30    5.47
-241621.261   119.884    -3.38    6.44
-241245.387   116.128   -10.00    7.98
-240869.517   110.142   -15.93    7.53
-240493.651   106.460    -9.80    5.49
-240117.789   103.691    -7.37    6.78
-239741.930   101.128    -6.82    8.01
-239366.076    96.371   -12.66    8.66
-238990.226    91.586   -12.73    7.37
-238614.380    88.219    -8.96    3.91
-238238.537    87.614    -1.61    3.54
-237862.699    88.506     2.37    5.27
-237486.865    89.819     3.49    7.42
-237111.034    90.325     1.34    7.61
-236735.208    88.563    -4.69    6.84
-236359.386    86.614    -5.19    6.31
-235983.567    87.914     3.46    8.56
-235607.753    88.317     1.07    9.26
-235231.942    90.101     4.75   10.33
-234856.136    90.641     1.44   10.00
-234480.333    94.253     9.61   10.41
-234104.534    97.717     9.22   10.14
-233728.739   101.152     9.14    8.23
-233352.949   104.101     7.85    3.39
-232977.162   103.533    -1.51    3.17
-232601.379   101.670    -4.96    3.98
-232225.600    99.035    -7.01    5.96
-231849.825    95.834    -8.52    7.15
-231474.054    93.182    -7.06    8.55
-231098.287    91.358    -4.85    9.41
-230722.524    89.383    -5.25   11.06
-230346.765    87.024    -6.28   11.34
-229971.009    84.746    -6.06   10.87
-229595.258    82.229    -6.70    8.75
-229219.510    79.749    -6.60    8.07
-228843.767    79.722    -0.07    7.55
-228468.027    79.246    -1.27    8.32
-228092.292    76.427    -7.50    7.04
-227716.560    72.563   -10.28    8.32
-227340.832    69.061    -9.32    8.06
-226965.108    67.182    -5.00    6.63
-226589.388    66.587    -1.58    4.56
-226213.672    68.947     6.28    4.38
-225837.960    71.114     5.77    3.60
-225462.252    71.414     0.80    3.35
-225086.548    72.182     2.04    3.47
-224710.847    72.306     0.33    3.17
-224335.151    72.435     0.34    2.34
-223959.458    73.665     3.28    2.33
-223583.769    75.128     3.89    3.46
-223208.085    77.511     6.35    4.02
-222832.006    79.452     5.16    3.46
-222455.548    80.877     3.79    2.97
-222079.093    81.798     2.45    3.08
-221702.643    82.708     2.42    3.51
-221326.196    84.845     5.68    4.47
-220949.754    86.140     3.44    4.20
-220573.315    87.965     4.85    4.47
-220196.880    90.425     6.53    4.76
-219820.449    93.614     8.47    5.57
-219444.022    98.152    12.06    6.13
-219067.599   101.541     9.00    5.94
-218691.180   104.965     9.10    4.84
-218314.764   106.537     4.18    3.90
-217938.353   107.114     1.53    4.50
-217561.946   106.358    -2.01    5.16
-217185.542   105.588    -2.05    5.62
-216809.142   105.024    -1.50    4.47
-216432.746   104.992    -0.08    3.90
-216056.354   104.073    -2.44    3.75
-215679.966   102.281    -4.76    4.62
-215303.582   100.128    -5.72    3.73
-214927.202   100.563     1.15    4.57
-214550.825   100.460    -0.27    4.55
-214174.453   100.101    -0.96    4.75
-213798.084    97.101    -7.97    5.05
-213421.719    94.003    -8.23    3.62
-213045.358    92.742    -3.35    2.76
-212669.001    92.175    -1.51    2.54
-212292.648    92.425     0.66    2.40
-211916.298    93.114     1.83    2.58
-211539.953    94.693     4.20    3.27
-211163.611    96.482     4.76    4.13
-210787.273    99.533     8.11    4.87
-210410.939   102.639     8.25    5.32
-210034.609   105.263     6.97    4.42
-209658.283   107.695     6.46    3.71
-209281.961   108.982     3.42    3.34
-208905.642   107.781    -3.19    4.10
-208529.327   106.742    -2.76    4.99
-208153.017   104.332    -6.41    5.15
-207776.710   102.965    -3.63    4.14
-207400.407   102.128    -2.23    3.77
-207024.107   102.749     1.65    4.24
-206647.812   105.332     6.86    5.67
-206271.520   108.248     7.75    6.72
-205895.232   111.857     9.59    6.58
-205518.948   115.489     9.65    5.49
-205142.668   118.877     9.00    5.10
-204766.392   123.193    11.47    5.81
-204390.120   129.776    17.50   10.37
-204013.851   139.127    24.85   14.30
-203637.586   147.246    21.58   14.81
-203261.325   155.836    22.83   12.52
-202885.068   163.050    19.17   15.14
-202508.815   165.170     5.63   14.22
-202132.565   162.409    -7.34   15.07
-201756.319   159.947    -6.54   15.30
-201380.077   159.781    -0.44   13.10
-201003.839   167.290    19.96   15.07
-200627.605   175.965    23.06   10.90
-200251.375   179.332     8.95    6.84
-199875.148   178.314    -2.71    7.34
-199498.925   174.452   -10.27    9.99
-199122.706   164.589   -26.22   11.26
-198746.491   155.509   -24.14   11.17
-198370.279   147.614   -20.99    9.00
-197994.072   140.719   -18.33    6.57
-197617.868   136.229   -11.94    6.93
-197241.668   131.922   -11.45    7.73
-196865.472   128.920    -7.98    6.32
-196489.279   128.870    -0.13    6.55
-196113.090   131.344     6.58    7.24
-195736.905   134.089     7.30    6.25
-195360.724   136.358     6.03    4.95
-194984.547   137.670     3.49    5.19
-194608.373   138.128     1.22    4.95
-194232.204   137.781    -0.92    5.19
-193856.038   135.851    -5.13    5.59
-193479.875   134.332    -4.04    6.32
-193103.717   132.479    -4.93    7.01
-192727.562   129.639    -7.55    6.74
-192351.411   127.563    -5.52    7.88
-191975.264   125.114    -6.51    7.76
-191599.121   120.956   -11.05    6.83
-191222.981   118.255    -7.18    6.06
-190846.845   113.794   -11.86    6.11
-190470.713   110.586    -8.53    6.50
-190094.585   106.050   -12.06    7.45
-189718.460   104.587    -3.89    7.99
-189342.340   105.089     1.33    8.50
-188966.223   106.486     3.71    8.17
-188590.109   105.928    -1.48    8.32
-188214.000   102.263    -9.75    9.57
-187837.894    95.911   -16.89   10.20
-187461.792    93.246    -7.09    8.21
-187085.694    93.383     0.37    7.18
-186709.599    96.587     8.52    8.30
-186333.508   103.314    17.89    7.59
-185957.421   107.794    11.91    5.52
-185581.338   109.509     4.56    5.35
-185205.258   114.956    14.49    6.85
-184829.182   120.229    14.02    9.20
-184453.110   128.794    22.77   13.12
-184077.042   146.725    47.68   27.68
-183700.977   200.870   143.99   80.66
-183324.916   245.344   118.27   76.40
-182948.859   244.639    -1.87   71.41
-182572.805   222.819   -58.03   81.93
-182196.755   168.071  -145.59   55.85
-181820.709   152.614   -41.11   26.76
-181444.667   151.830    -2.08   25.53
-181068.628   150.009    -4.84   26.42
-180692.593   142.229   -20.69   31.24
-180316.562   128.101   -37.58   26.87
-179940.535   111.492   -44.17   13.58
-179564.511   102.614   -23.61    8.90
-179188.491    98.298   -11.48    6.78
-178812.475    96.114    -5.81    6.47
-178436.462    95.127    -2.63    7.77
-178060.453    92.717    -6.41    9.69
-177684.448    89.170    -9.43   11.83
-177308.446    83.050   -16.28   11.85
-176932.448    76.992   -16.11    4.81
-176556.454    76.214    -2.07    3.18
-176180.463    78.537     6.18    5.44
-175804.477    82.214     9.78    8.33
-175428.494    92.911    28.45   16.08
-175052.514   103.884    29.19   16.85
-174676.538   108.351    11.88   13.66
-174300.566   108.563     0.56   12.50
-173924.598   106.479    -5.54   10.13
-173548.633   103.516    -7.88    5.89
-173172.672   102.076    -3.83    5.26
-172796.715   100.430    -4.38    3.54
-172420.761    98.904    -4.06    3.79
-172044.811    98.665    -0.63    4.44
-171668.865    97.845    -2.18    4.75
-171292.922    97.003    -2.24    3.52
-170916.983    97.768     2.03    3.90
-170541.048    99.479     4.55    4.81
-170165.116   101.414     5.15    4.53
-169789.188   106.409    13.29    7.05
-169413.264   111.671    14.00   10.97
-169037.343   119.209    20.05   13.29
-168661.426   126.073    18.26   12.78
-168285.513   132.298    16.56   17.74
-167909.603   139.563    19.33   18.72
-167533.697   146.479    18.40   17.98
-167157.795   149.395     7.76   15.52
-166781.896   144.819   -12.17   14.70
-166406.001   135.956   -23.58   15.24
-166030.110   127.956   -21.28   13.16
-165654.222   126.024    -5.14    9.30
-165278.338   133.435    19.72   16.12
-164902.457   150.225    44.67   35.62
-164526.580   196.229   122.40   68.59
-164150.707   242.019   121.83   72.26
-163774.837   257.614    41.49   61.94
-163398.971   256.152    -3.89   56.76
-163023.109   228.443   -73.73   51.37
-162647.250   219.722   -23.20   46.41
-162271.395   236.830    45.52   54.33
-161895.544   255.851    50.61   58.81
-161519.696   275.127    51.29   58.40
-161143.851   281.884    17.98   54.45
-160768.011   270.114   -31.32   55.19
-160392.174   252.024   -48.13   55.55
-160016.340   225.509   -70.55   40.30
-159640.511   203.561   -58.40   15.30
-159264.684   206.486     7.78   25.63
-158888.862   228.204    57.79   45.33
-158513.043   245.697    46.55   44.45
-158137.228   251.024    14.17   40.37
-157761.416   235.253   -41.97   48.77
-157385.608   206.839   -75.61   40.85
-157009.803   184.486   -59.48   15.17
-156634.002   190.357    15.62   35.45
-156258.205   216.398    69.30   53.04
-155882.411   251.182    92.56   50.84
-155506.621   270.351    51.01   37.15
-155130.834   262.794   -20.11   40.68
-154755.051   244.830   -47.80   44.81
-154379.272   212.639   -85.67   39.05
-154003.496   194.281   -48.86   25.17
-153627.724   195.114     2.22   27.33
-153251.955   209.209    37.51   39.16
-152876.190   232.178    61.13   49.09
-152500.429   260.537    75.47   50.40
-152124.671   285.420    66.22   36.92
-151748.917   284.691    -1.94   31.20
-151373.166   268.281   -43.67   36.89
-150997.419   258.717   -25.45   38.16
-150621.675   267.691    23.89   42.77
-150245.935   283.086    40.97   46.96
-149870.199   312.101    77.22   37.24
-149494.466   330.344    48.56   18.50
-149118.736   332.456     5.62   13.35
-148743.011   326.189   -16.68   16.91
-148367.288   310.398   -42.03   27.82
-147991.570   293.989   -43.67   27.41
-147615.228   286.456   -20.02   25.94
-147238.804   292.798    16.85   30.09
-146862.384   305.479    33.69   22.31
-146485.967   307.383     5.06   18.33
-146109.554   292.178   -40.40   28.92
-145733.144   267.114   -66.59   38.44
-145356.738   238.229   -76.74   37.63
-144980.335   211.364   -71.38   24.69
-144603.936   201.127   -27.20   15.82
-144227.541   205.332    11.17   29.98
-143851.149   209.243    10.39   37.36
-143474.761   209.641     1.06   40.06
-143098.376   202.825   -18.11   34.20
-142721.994   189.930   -34.26   19.80
-142345.617   185.152   -12.69    9.05
-141969.242   186.749     4.24    9.98
-141592.872   195.541    23.36   18.25
-141216.505   215.614    53.34   32.18
-140840.141   240.088    65.03   41.09
-140463.781   267.614    73.14   39.94
-140087.425   277.076    25.14   30.94
-139711.072   269.691   -19.62   31.72
-139334.722   253.697   -42.50   31.75
-138958.376   234.152   -51.94   22.38
-138582.034   222.253   -31.62   18.18
-138205.695   219.127    -8.31   21.31
-137829.360   217.845    -3.41   25.43
-137453.028   225.528    20.42   34.07
-137076.699   221.695   -10.19   39.20
-136700.375   205.263   -43.67   40.26
-136324.053   184.614   -54.87   33.20
-135947.736   168.719   -42.24   22.66
-135571.421   161.753   -18.51   10.27
-135195.111   161.638    -0.30   10.07
-134818.804   170.947    24.74   19.62
-134442.500   186.377    41.01   36.26
-134066.200   202.561    43.01   37.37
-133689.903   204.351     4.76   35.80
-133313.610   192.947   -30.31   31.53
-132937.320   178.479   -38.45   22.97
-132561.034   175.127    -8.91   17.51
-132184.751   175.281     0.41   11.53
-131808.472   178.870     9.54   11.41
-131432.196   177.306    -4.16   13.55
-131055.924   166.555   -28.57   14.64
-130679.655   158.101   -22.47    9.95
-130303.390   157.938    -0.43   11.65
-129927.128   163.035    13.55   15.21
-129550.870   174.930    31.61   17.91
-129174.615   183.533    22.87   15.05
-128798.364   188.114    12.18   13.15
-128422.116   190.819     7.19   12.75
-128045.872   191.588     2.04   12.43
-127669.631   192.088     1.33   13.48
-127293.394   193.794     4.53   17.31
-126917.160   191.665    -5.66   17.08
-126540.929   189.479    -5.81   17.03
-126164.702   192.127     7.04   15.93
-125788.479   193.975     4.91   15.74
-125412.259   196.076     5.58   15.77
-125036.042   198.204     5.66   16.04
-124659.829   196.802    -3.73   16.03
-124283.619   199.281     6.59   16.72
-123907.413   203.371    10.87   15.55
-123531.210   208.088    12.54   12.89
-123155.011   217.073    23.89   13.53
-122778.815   226.308    24.55   14.27
-122402.623   231.640    14.17   15.11
-122026.434   234.076     6.48   16.85
-121650.248   227.482   -17.53   20.78
-121274.066   219.377   -21.55   23.00
-120897.888   211.794   -20.16   23.55
-120521.712   203.794   -21.27   21.76
-120145.541   201.398    -6.37   23.97
-119769.372   203.127     4.60   28.06
-119393.207   204.447     3.51   25.08
-119017.046   200.691    -9.99   22.73
-118640.888   192.614   -21.47   20.39
-118264.733   184.989   -20.27   16.90
-117888.582   185.896     2.41   22.39
-117512.435   185.614    -0.75   23.81
-117136.290   185.351    -0.70   23.81
-116760.150   174.722   -28.26   26.48
-116384.012   158.836   -42.24   25.01
-116007.878   145.717   -34.88   26.07
-115631.747   137.563   -21.68   20.10
-115255.620   143.298    15.25   23.87
-114879.497   163.178    52.86   34.32
-114503.376   188.306    66.81   33.10
-114127.259   206.358    48.00   25.40
-113751.146   213.749    19.65   19.27
-113375.036   211.435    -6.15   22.77
-112998.929   204.857   -17.49   25.64
-112622.826   189.640   -40.46   27.04
-112246.726   174.614   -39.95   30.79
-111870.629   157.802   -44.70   28.46
-111494.536   153.306   -11.95   22.86
-111118.446   152.325    -2.61   20.58
-110742.360   159.404    18.82   20.29
-110366.277   167.803    22.34   17.13
-109990.197   174.836    18.70   18.30
-109614.121   185.486    28.32   18.65
-109238.049   197.947    33.14   17.15
-108861.979   208.128    27.07   19.46
-108485.913   211.819     9.82   16.29
-108109.851   208.896    -7.77   17.58
-107733.791   197.537   -30.21   23.03
-107357.736   183.479   -37.38   17.70
-106981.683   173.127   -27.53   17.31
-106605.634   164.992   -21.63   17.67
-106229.588   159.746   -13.95   16.49
-105853.546   153.982   -15.33   19.26
-105477.507   156.677     7.16   31.05
-105101.471   164.691    21.31   38.23
-104725.439   164.272    -1.11   39.12
-104349.410   153.884   -27.63   35.67
-103973.385   146.398   -19.91   30.11
-103597.362   142.170   -11.24   26.57
-103221.344   130.325   -31.50   24.48
-102845.328   125.409   -13.07   24.06
-102469.316   121.614   -10.09   20.82
-102093.307   120.896    -1.91   20.63
-101717.302   130.409    25.30   19.88
-101341.300   137.281    18.28   19.40
-100965.301   139.560     6.06   18.54
-100589.306   133.229   -16.84   21.52
-100213.314   126.155   -18.82   22.29
 -99837.325   116.452   -25.81   17.65
 -99461.340   113.061    -9.02   18.52
 -99085.358   109.739    -8.84   21.02
 -98709.380   106.768    -7.90   20.63
 -98333.404   104.219    -6.78   13.74
 -97957.432   107.263     8.09   10.64
 -97581.464   110.803     9.42    8.17
 -97205.498   108.308    -6.64   10.00
 -96829.536   101.272   -18.72    9.49
 -96453.578    96.714   -12.12    6.27
 -96077.623    97.695     2.61    7.65
 -95701.671   103.845    16.36   10.93
 -95325.722   115.973    32.26   23.70
 -94949.777   125.665    25.78   27.98
 -94573.835   133.114    19.81   30.34
 -94197.896   128.665   -11.83   25.82
 -93821.960   116.965   -31.12   15.26
 -93446.028   107.317   -25.67   10.36
 -93070.100   102.851   -11.88    6.00
 -92694.174   104.333     3.94    8.86
 -92318.252   112.281    21.14   13.38
 -91942.333   120.325    21.40   11.75
 -91566.418   123.911     9.54    9.41
 -91190.505   124.561     1.73    9.13
 -90814.596   122.197    -6.29    9.19
 -90438.691   119.719    -6.59    8.96
 -90062.788   116.139    -9.52    9.84
 -89686.889   111.533   -12.25    9.73
 -89310.994   107.870    -9.74    9.27
 -88935.101   105.973    -5.05    9.34
 -88559.212   105.947    -0.07    9.60
 -88183.326   104.938    -2.68    9.51
 -87807.444   102.845    -5.57    9.65
 -87431.564    99.479    -8.95    9.78
 -87055.688    94.749   -12.58   10.22
 -86679.816    91.155    -9.56    9.07
 -86303.946    90.395    -2.02    9.14
 -85928.080    92.870     6.59   10.63
 -85552.217    98.825    15.84   10.86
 -85176.357   105.425    17.56    9.47
 -84800.501   109.076     9.71    9.75
 -84424.648   112.920    10.23   12.62
 -84048.798   115.535     6.96   14.87
 -83672.952   119.460    10.44   16.83
 -83297.108   123.560    10.91   18.46
 -82921.268   126.922     8.94   16.56
 -82545.431   129.076     5.73   15.29
 -82169.598   123.870   -13.85   14.97
 -81793.768   118.938   -13.12   11.83
 -81417.941   117.563    -3.66   10.61
 -81042.117   117.209    -0.94    8.64
 -80666.297   119.482     6.05    9.70
 -80290.479   118.344    -3.03   12.47
 -79914.665   111.145   -19.15    8.90
 -79538.855   106.614   -12.06    7.23
 -79163.047   104.456    -5.74    6.35
 -78787.243   102.836    -4.31    5.59
 -78411.442   103.229     1.05    5.28
 -78035.644   103.864     1.69    5.72
 -77659.850   105.614     4.66    6.28
 -77284.058   109.588    10.58    7.10
 -76908.270   115.371    15.39    9.41
 -76532.485   126.665    30.06   15.43
 -76156.704   136.050    24.97   16.74
 -75780.925   141.289    13.94   19.88
 -75405.150   138.920    -6.31   23.51
 -75029.378   135.614    -8.80   23.60
 -74653.610   136.798     3.15   21.64
 -74277.844   141.371    12.17   22.79
 -73902.082   155.722    38.19   17.30
 -73526.323   162.702    18.58   14.26
 -73150.567   152.511   -27.12   22.39
 -72774.656   149.306    -8.53   20.02
 -72398.261   146.225    -8.19   15.91
 -72021.868   155.640    25.01   22.10
 -71645.479   169.392    36.54   25.19
 -71269.092   187.665    48.55   26.42
 -70892.710   198.127    27.80   23.66
 -70516.330   196.830    -3.44   30.07
 -70139.953   186.035   -28.68   36.64
 -69763.580   173.152   -34.23   35.56
 -69387.210   159.980   -35.00   28.24
 -69010.843   154.614   -14.26   22.57
 -68634.479   157.409     7.43   18.81
 -68258.119   163.009    14.88   18.16
 -67881.762   163.695     1.82   16.36
 -67505.407   159.155   -12.06   16.24
 -67129.057   149.586   -25.42   16.16
 -66752.709   138.588   -29.22   17.66
 -66376.364   124.281   -38.02   18.21
 -66000.023   119.003   -14.02   15.67
 -65623.685   119.691     1.83   17.78
 -65247.350   126.808    18.91   19.70
 -64871.019   133.009    16.48   13.99
 -64494.690   130.999    -5.34   16.27
 -64118.365   123.344   -20.34   18.79
 -63742.043   110.482   -34.18   14.63
 -63365.724   101.061   -25.04   12.53
 -62989.408    96.239   -12.81   11.76
 -62613.095    91.263   -13.22    7.32
 -62236.786    91.768     1.34    6.50
 -61860.480    95.409     9.68    8.58
 -61484.177    99.182    10.03   10.57
 -61107.877   105.263    16.16    9.82
 -60731.580   108.317     8.12   11.02
 -60355.286   104.050   -11.34   13.05
 -59978.996    99.486   -12.13   11.28
 -59602.709    97.614    -4.97   10.12
 -59226.425    92.140   -14.55    9.79
 -58850.144    87.101   -13.39   10.85
 -58473.866    83.560    -9.41    8.57
 -58097.591    84.665     2.94   11.26
 -57721.320    89.965    14.09   13.11
 -57345.052    94.509    12.08   12.35
 -56968.787    95.851     3.57   11.84
 -56592.525    93.114    -7.27   11.58
 -56216.266    89.263   -10.24    8.46
 -55840.010    89.689     1.13    8.79
 -55463.758    90.896     3.21    9.23
 -55087.508    94.668    10.03    9.76
 -54711.262   101.236    17.46   13.12
 -54335.019   108.128    18.32   17.23
 -53958.779   109.435     3.47   19.22
 -53582.542   110.024     1.57   20.87
 -53206.309   111.308     3.41   22.01
 -52830.078   117.358    16.08   30.32
 -52453.851   127.430    26.77   31.23
 -52077.626   130.836     9.05   28.51
 -51701.405   128.076    -7.34   27.92
 -51325.187   122.435   -14.99   23.16
 -50948.972   119.229    -8.52   20.06
 -50572.760   117.272    -5.20   21.29
 -50196.552   119.664     6.36   21.98
 -49820.346   120.938     3.39   25.43
 -49444.144   123.439     6.65   22.78
 -49067.944   119.537   -10.37   23.02
 -48691.748   107.892   -30.96   25.00
 -48315.555    97.452   -27.75   22.47
 -47939.365    85.695   -31.25   18.97
 -47563.178    77.182   -22.63   18.62
 -47186.995    67.819   -24.89   16.38
 -46810.814    60.641   -19.08   14.68
 -46434.636    49.332   -30.06   10.76
 -46058.462    43.877   -14.50    7.83
 -45682.291    44.531     1.74    9.10
 -45306.122    47.922     9.01   10.37
 -44929.957    54.537    17.59   10.24
 -44553.795    60.101    14.79    8.42
 -44177.636    61.798     4.51    6.02
 -43801.480    62.742     2.51    7.01
 -43425.327    62.798     0.15    6.38
 -43049.178    66.640    10.21    8.88
 -42673.031    72.870    16.56   11.14
 -42296.888    77.697    12.83   10.58
 -41920.747    76.046    -4.39   12.37
 -41544.610    70.641   -14.37   11.34
 -41168.475    69.641    -2.66   11.81
 -40792.344    73.306     9.74   12.62
 -40416.216    75.475     5.77   12.09
 -40040.091    75.189    -0.76   10.40
 -39663.969    73.640    -4.12    8.79
 -39287.850    75.263     4.31   10.06
 -38911.734    78.460     8.50    9.59
 -38535.621    81.719     8.67    9.95
 -38159.512    79.061    -7.07    9.10
 -37783.405    74.114   -13.15   10.81
 -37407.301    67.870   -16.60    9.39
 -37031.201    64.073   -10.10    6.74
 -36655.103    65.101     2.73    7.95
 -36279.009    64.614    -1.30    9.07
 -35902.918    65.281     1.77    8.85
 -35526.829    66.371     2.90    9.14
 -35150.744    66.722     0.93    8.97
 -34774.662    66.019    -1.87   10.23
 -34398.583    60.825   -13.81   12.95
 -34022.507    53.128   -20.46   11.92
 -33646.433    46.289   -18.19    8.10
 -33270.363    42.456   -10.19    7.00
 -32894.296    40.046    -6.41    6.56
 -32518.232    42.460     6.42   10.04
 -32142.171    46.693    11.26   12.45
 -31766.114    55.456    23.30   14.19
 -31390.059    62.035    17.49    9.03
 -31014.007    63.717     4.47    8.09
 -30637.958    58.992   -12.56   11.03
 -30261.912    52.306   -17.78   10.42
 -29885.870    48.339   -10.55    8.93
 -29509.830    46.558    -4.74    9.29
 -29133.793    51.668    13.59   11.82
 -28757.759    58.830    19.05   13.13
 -28381.729    63.425    12.22   13.07
 -28005.701    69.587    16.39   11.00
 -27629.676    72.843     8.66    9.36
 -27253.655    67.664   -13.77   11.42
 -26877.636    64.229    -9.13   11.30
 -26501.621    62.128    -5.59    9.94
 -26125.608    62.947     2.18    9.97
 -25749.598    62.877    -0.19    9.45
 -25373.592    60.152    -7.25    8.95
 -24997.588    56.128   -10.70    8.81
 -24621.588    51.691   -11.80    7.84
 -24245.590    47.447   -11.29    8.54
 -23869.596    42.947   -11.97    7.35
 -23493.604    40.164    -7.40    5.38
 -23117.615    40.385     0.59    6.76
 -22741.630    40.857     1.25    7.26
 -22365.647    41.992     3.02    7.02
 -21989.668    41.803    -0.50    7.10
 -21613.691    39.884    -5.10    8.68
 -21237.717    38.836    -2.79    8.67
 -20861.747    38.464    -0.99    7.87
 -20485.779    43.178    12.54   10.71
 -20109.814    50.641    19.85   12.20
 -19733.853    57.717    18.82   10.56
 -19357.894    64.061    16.88    9.37
 -18981.938    69.870    15.45    8.92
 -18605.985    72.425     6.79    6.58
 -18230.035    73.460     2.75    5.91
 -17854.088    74.058     1.59    6.11
 -17478.145    71.435    -6.98    7.27
 -17102.204    72.101     1.77    6.39
 -16726.266    72.702     1.60    5.42
 -16350.331    70.073    -6.99    6.74
 -15974.399    68.452    -4.31    7.56
 -15598.470    63.930   -12.03    8.57
 -15222.543    57.857   -16.15    9.91
 -14846.620    53.142   -12.54   11.19
 -14470.700    48.127   -13.34    9.67
 -14094.783    44.563    -9.48    8.88
 -13718.869    41.456    -8.26    7.66
 -13342.957    40.509    -2.52    7.41
 -12967.049    38.665    -4.90    7.80
 -12591.143    36.306    -6.28    8.89
 -12215.241    33.425    -7.67    9.26
 -11839.341    28.101   -14.16    8.18
 -11463.444    23.558   -12.09    4.54
 -11087.551    23.922     0.97    5.41
 -10711.660    23.614    -0.82    5.77
 -10335.772    23.177    -1.16    5.85
  -9959.887    21.947    -3.27    6.39
  -9584.005    18.911    -8.08    5.56
  -9208.126    18.046    -2.30    5.45
  -8832.250    17.509    -1.43    5.48
  -8456.377    17.975     1.24    6.41
  -8080.507    18.101     0.34    6.45
  -7704.639    18.973     2.32    6.87
  -7328.775    19.167     0.52    6.33
  -6952.913    20.825     4.41    5.99
  -6577.055    22.999     5.78    5.48
  -6201.199    25.358     6.28    5.42
  -5825.346    25.263    -0.25    6.01
  -5449.496    24.306    -2.54    6.55
  -5073.650    24.803     1.32    7.05
  -4697.805    28.486     9.80   10.39
  -4321.964    32.999    12.01   10.03
  -3946.126    38.177    13.78    7.29
  -3570.291    37.742    -1.16    9.04
  -3194.458    35.877    -4.96    8.44
  -2818.629    32.776    -8.25   10.33
  -2442.802    27.640   -13.67   11.91
  -2066.978    24.101    -9.42   11.83
  -1691.158    20.127   -10.57   10.21
  -1315.340    16.152   -10.58    8.79
   -939.525    10.803   -14.23    8.17
   -563.712     5.691   -13.60    7.81
   -187.903     1.819   -10.30    5.06
    187.903     1.870     0.14    4.52
    563.707     4.317     6.51    5.28
    939.507     6.255     5.16    4.51
   1315.305     8.290     5.41    4.68
   1691.100    10.236     5.18    6.14
   2066.892    16.383    16.36   11.67
   2443.037    24.364    21.22   11.12
   2819.409    31.127    17.97    9.93
   3195.778    35.999    12.94    8.10
   3572.144    38.938     7.81    5.99
   3948.508    38.563    -1.00    4.23
   4324.868    38.114    -1.19    4.70
   4701.226    35.845    -6.03    5.77
   5077.581    33.537    -6.13    5.38
   5453.933    32.344    -3.17    5.55
   5830.282    31.973    -0.99    5.94
   6206.629    30.947    -2.73    5.78
   6582.972    30.947     0.00    5.32
   6959.312    31.128     0.48    4.82
   7335.650    32.486     3.61    4.87
   7711.985    33.533     2.78    4.67
   8088.317    35.193     4.41    4.39
   8464.646    37.182     5.28    4.16
   8840.972    38.145     2.56    3.63
   9217.296    36.229    -5.09    5.29
   9593.616    33.851    -6.32    6.14
   9969.934    32.253    -4.25    6.27
  10346.249    30.768    -3.95    5.45
  10722.561    29.142    -4.32    5.35
  11098.870    27.614    -4.06    5.07
  11475.176    25.870    -4.63    4.89
  11851.480    23.992    -4.99    5.08
  12227.781    21.404    -6.88    5.70
  12604.078    19.794    -4.28    5.11
  12980.373    19.014    -2.07    5.02
  13356.666    16.749    -6.02    4.01
  13732.955    16.864     0.31    4.06
  14109.241    17.772     2.41    4.33
  14485.525    17.209    -1.50    3.98
  14861.806    16.290    -2.44    4.37
  15238.084    14.385    -5.06    5.01
  15614.359    12.460    -5.12    4.44
  15990.631    10.742    -4.57    4.06
  16366.901     9.475    -3.37    3.94
  16743.168     7.486    -5.29    3.77
  17119.432     4.836    -7.04    3.47
  17495.693     3.114    -4.58    3.66
  17871.951     1.794    -3.51    3.26
  18248.206     1.344    -1.20    3.11
  18624.459     1.588     0.65    3.48
  19000.709     1.667     0.21    3.47
  19376.956     3.689     5.38    8.05
  19753.200     9.830    16.32   13.29
  20129.442    14.024    11.15   13.47
  20505.680    17.742     9.88   11.03
  20881.916    18.398     1.74    8.27
  21258.149    16.965    -3.81    5.96
  21634.379    19.830     7.61    7.99
  22010.607    24.870    13.40    8.78
  22386.832    29.204    11.52    8.32
  22763.054    32.836     9.66    7.12
  23139.273    35.947     8.27    6.89
  23515.489    39.170     8.56    7.24
  23891.702    42.003     7.53    5.64
  24267.913    41.794    -0.56    5.47
  24644.121    39.272    -6.70    6.51
  25020.326    36.588    -7.13    4.77
  25396.529    35.325    -3.36    3.77
  25772.728    35.339     0.04    3.76
  26148.925    34.587    -2.00    4.59
  26525.119    33.264    -3.52    5.62
  26901.311    30.511    -7.32    5.01
  27277.499    29.290    -3.25    4.97
  27653.685    28.533    -2.01    3.88
  28029.868    28.128    -1.08    4.52
  28406.048    28.167     0.10    5.11
  28782.226    27.306    -2.29    5.17
  29158.401    25.725    -4.20    4.22
  29534.572    25.389    -0.89    2.88
  29910.742    28.114     7.24    5.42
  30286.908    31.947    10.19    6.58
  30663.072    35.588     9.68    5.94
  31039.233    38.255     7.09    4.50
  31415.391    39.742     3.95    3.98
  31791.547    41.325     4.21    4.35
  32167.699    42.614     3.43    4.35
  32543.849    44.975     6.28    5.92
  32919.996    47.264     6.09    6.69
  33296.141    47.794     1.41    7.97
  33672.283    47.385    -1.08    8.72
  34048.422    43.019   -11.61    8.46
  34424.558    37.046   -15.88    7.54
  34800.692    32.884   -11.07    7.08
  35176.822    28.486   -11.69    5.38
  35552.950    27.533    -2.53    4.79
  35929.076    26.814    -1.91    4.52
  36305.198    28.482     4.44    6.30
  36681.318    31.911     9.12    7.89
  37057.436    37.127    13.87   10.06
  37433.550    40.742     9.61   11.45
  37809.662    45.588    12.88   10.28
  38185.771    48.253     7.09   10.11
  38561.877    50.383     5.66   10.99
  38937.981    51.506     2.98   10.45
  39314.082    52.178     1.79   10.40
  39690.180    51.614    -1.50    8.90
  40066.275    47.871    -9.95    8.61
  40442.368    42.479   -14.34    9.30
  40818.458    38.073   -11.71    5.45
  41194.545    35.344    -7.26    4.86
  41570.630    34.640    -1.87    4.55
  41946.712    34.197    -1.18    3.81
  42322.791    34.224     0.07    3.75
  42698.868    34.973     1.99    3.59
  43074.942    35.884     2.42    4.17
  43451.013    38.409     6.71    7.28
  43827.081    40.404     5.30    8.98
  44203.147    42.870     6.56    8.52
  44579.210    45.753     7.66    8.88
  44955.271    54.691    23.77   18.62
  45331.328    66.447    31.26   23.86
  45707.383    68.332     5.01   21.51
  46083.436    69.922     4.23   20.79
  46459.485    60.957   -23.84   15.31
  46835.532    57.452    -9.32   13.24
  47211.577    53.695    -9.99   12.13
  47587.618    48.114   -14.84    8.78
  47963.657    41.746   -16.94    6.38
  48339.694    38.253    -9.29    6.03
  48715.727    34.077   -11.10    6.94
  49091.758    30.511    -9.48    6.37
  49467.787    27.073    -9.14    6.59
  49843.812    23.114   -10.53    4.64
  50219.835    22.272    -2.24    5.26
  50595.855    21.563    -1.89    6.27
  50971.873    21.857     0.78    8.17
  51347.888    18.460    -9.03    7.12
  51723.900    14.058   -11.71    5.02
  52099.910    11.204    -7.59    3.38
  52475.917     9.511    -4.50    2.44
  52851.922     8.552    -2.55    2.21
  53227.923     8.182    -0.98    2.52
  53603.922     7.776    -1.08    2.87
  53979.919     7.668    -0.29    3.04
  54355.913     6.956    -1.89    2.51
  54731.904     6.398    -1.48    1.92
  55107.892     6.640     0.64    2.50
  55483.878     7.076     1.16    2.58
  55859.862     7.509     1.15    2.80
  56235.842     8.009     1.33    2.68
  56611.820     7.383    -1.66    2.40
  56987.796     6.947    -1.16    2.56
  57363.768     6.587    -0.96    4.32
  57739.738     4.537    -5.45    5.01
  58115.706     2.236    -6.12    4.90
  58491.671     0.460    -4.72    3.72
  58867.633     1.076     1.64    3.91
  59243.593     3.020     5.17    4.80
  59619.550     5.204     5.81    4.20
  59995.504     7.236     5.40    2.24
  60371.456     8.425     3.16    2.09
  60747.405     8.383    -0.11    2.38
  61123.351     8.857     1.26    2.24
  61499.295     8.768    -0.24    2.42
  61875.237     8.024    -1.98    2.81
  62251.175     7.219    -2.14    2.89
  62627.112     6.825    -1.05    2.48
  63003.045     6.281    -1.45    2.17
  63378.976     7.717     3.82    3.65
  63754.904     8.938     3.25    4.10
  64130.830    11.768     7.53    6.18
  64506.753    17.371    14.90    8.28
  64882.674    21.560    11.14    9.18
  65258.592    26.742    13.79    7.93
  65634.507    31.364    12.29    5.07
  66010.420    34.537     8.44    4.73
  66386.330    34.999     1.23    4.18
  66762.237    34.836    -0.43    4.56
  67138.142    32.999    -4.89    5.26
  67514.045    31.641    -3.61    4.40
  67889.945    31.870     0.61    3.73
  68265.842    33.460     4.23    4.24
  68641.737    35.667     5.87    5.26
  69017.629    39.561    10.36    7.25
  69393.518    43.845    11.40    7.66
  69769.405    46.614     7.37    7.32
  70145.290    50.425    10.14    7.21
  70521.171    53.430     7.99    7.01
  70897.051    56.325     7.70    8.08
  71272.927    59.371     8.10    8.82
  71648.802    62.128     7.33    8.34
  72024.673    64.677     6.78    6.81
  72400.542    68.024     8.91    5.77
  72776.409    69.460     3.82    6.50
  73152.272    67.808    -4.39   10.01
  73528.134    64.691    -8.29   14.45
  73903.993    61.614    -8.19   14.89
  74279.849    58.435    -8.46   13.18
  74655.703    61.746     8.81   12.79
  75031.554    63.178     3.81   12.43
  75407.402    64.128     2.53   10.29
  75783.248    64.742     1.64   10.17
  76159.092    63.964    -2.07    8.95
  76534.933    65.531     4.17   10.29
  76910.771    68.182     7.05   12.00
  77286.607    73.073    13.02   11.18
  77662.931    77.911    12.86   10.29
  78039.269    81.722    10.13    7.24
  78415.603    82.232     1.35    5.80
  78791.935    80.664    -4.17    6.74
  79168.265    79.511    -3.06    6.72
  79544.592    79.975     1.23    6.78
  79920.917    80.178     0.54    8.94
  80297.239    81.992     4.82    9.88
  80673.558    82.404     1.09   10.65
  81049.876    82.430     0.07   10.35
  81426.190    84.768     6.21    9.97
  81802.502    85.371     1.60   10.14
  82178.811    83.794    -4.19   10.68
  82555.118    84.314     1.38   10.87
  82931.423    83.058    -3.34   13.98
  83307.725    81.404    -4.40   13.99
  83684.024    81.830     1.13   13.82
  84060.321    79.992    -4.88   12.09
  84436.615    80.425     1.15   13.24
  84812.907    84.271    10.22   12.67
  85189.196    84.689     1.11   12.40
  85565.483    85.764     2.86   12.41
  85941.768    86.749     2.62   13.14
  86318.049    90.717    10.54   14.10
  86694.329    96.019    14.09   15.66
  87070.606   100.035    10.67   15.41
  87446.880   101.050     2.70   13.52
  87823.152   103.588     6.75   12.61
  88199.421   105.992     6.39   12.33
  88575.688   109.456     9.21   12.96
  88951.952   115.589    16.30   12.99
  89328.214   125.965    27.58   25.11
  89704.473   141.255    40.64   37.04
  90080.730   159.798    49.28   41.01
  90456.985   174.236    38.37   41.83
  90833.237   190.992    44.54   40.23
  91209.486   189.392    -4.25   40.34
  91585.733   191.127     4.61   40.62
  91961.978   194.114     7.94   42.00
  92338.220   201.533    19.72   39.77
  92714.459   226.914    67.46   33.57
  93090.696   241.061    37.60   26.35
  93466.931   250.404    24.83    9.89
  93843.163   249.588    -2.17   11.05
  94219.393   245.561   -10.70   14.65
  94595.620   241.003   -12.12   17.37
  94971.845   244.531     9.38   19.34
  95348.067   251.989    19.82   14.51
  95724.287   258.170    16.43    6.46
  96100.504   260.332     5.75    4.38
  96476.719   260.486     0.41    4.85
  96852.932   255.209   -14.03   14.52
  97229.142   243.614   -30.82   25.66
  97605.349   225.263   -48.78   33.03
  97981.554   201.717   -62.59   31.88
  98357.757   187.204   -38.58   21.32
  98733.957   179.965   -19.24   16.19
  99110.155   184.139    11.09   24.70
  99486.350   189.404    13.99   31.11
  99862.543   191.246     4.90   29.23
 100238.734   194.452     8.52   29.91
 100614.922   197.383     7.79   28.93
 100991.107   200.509     8.31   27.82
 101367.290   211.503    29.23   25.61
 101743.471   198.537   -34.47   30.50
 102119.650   188.753   -26.01   27.03
 102495.825   191.640     7.67   27.52
 102871.999   203.794    32.31   31.37
 103248.170   221.643    47.45   22.43
 103624.338   231.992    27.51    8.62
 104000.505   233.344     3.59    3.52
 104376.668   233.668     0.86    2.07
 104752.830   233.989     0.85    1.69
 105128.989   235.290     3.46    3.97
 105505.145   236.101     2.16    8.55
 105881.299   235.178    -2.45   12.10
 106257.451   229.535   -15.00   17.98
 106633.600   220.722   -23.43   18.46
 107009.747   218.306    -6.42   18.93
 107385.892   216.272    -5.41   18.98
 107762.034   214.753    -4.04   19.14
 108138.173   211.691    -8.14   18.38
 108514.311   202.614   -24.13   18.67
 108890.445   197.509   -13.57   19.75
 109266.578   190.460   -18.74   20.70
 109642.708   177.583   -34.24   19.88
 110018.836   173.452   -10.98   19.84
 110394.961   166.272   -19.09   19.50
 110771.084   158.046   -21.87   17.00
 111147.204   152.204   -15.53   16.54
 111523.323   144.452   -20.61   14.24
 111899.438   135.229   -24.52   14.69
 112275.552   128.896   -16.84   10.26
 112651.663   126.229    -7.09    9.30
 113027.771   125.046    -3.15    8.73
 113403.877   128.947    10.37   12.87
 113779.981   135.904    18.49   17.11
 114156.083   146.447    28.03   18.34
 114532.182   155.830    24.95   20.73
 114908.279   168.695    34.21   21.66
 115284.373   174.772    16.16   23.27
 115660.465   171.229    -9.42   23.57
 116036.555   166.958   -11.36   22.88
 116412.642   166.719    -0.63   22.86
 116788.727   165.819    -2.39   20.91
 117164.809   167.236     3.77   14.85
 117540.890   168.845     4.28   14.50
 117916.967   171.506     7.08   17.71
 118293.043   178.127    17.60   15.24
 118669.116   179.281     3.07   14.54
 119045.187   176.588    -7.16   15.59
 119421.255   167.404   -24.42   16.38
 119797.321   158.896   -22.62   13.09
 120173.385   153.140   -15.30   11.00
 120549.446   147.058   -16.17   10.02
 120925.505   144.101    -7.87   10.40
 121301.562   138.009   -16.20   10.60
 121677.616   133.533   -11.90    9.73
 122053.669   128.563   -13.22   11.17
 122429.718   124.989    -9.50   10.91
 122805.766   120.101   -13.00   13.21
 123181.811   115.460   -12.34   16.05
 123557.853   106.753   -23.15   20.43
 123933.894    95.409   -30.17   20.68
 124309.932    88.101   -19.43   18.07
 124685.967    80.024   -21.48   13.39
 125062.001    75.825   -11.17   12.56
 125438.032    71.204   -12.29    9.95
 125814.061    65.073   -16.30    9.36
 126190.087    64.691    -1.02    9.60
 126566.111    70.389    15.15   15.76
 126942.133    79.642    24.61   18.18
 127318.152    85.938    16.74   15.64
 127694.170    92.965    18.69   13.19
 128070.184    97.344    11.64   15.87
 128446.197   101.695    11.57   16.10
 128822.207   106.671    13.23   13.07
 129198.215   110.389     9.89   12.89
 129574.221   111.563     3.12   12.49
 129950.224   111.046    -1.37   12.56
 130326.225   115.358    11.47   14.99
 130702.224   116.317     2.55   18.50
 131078.220   117.956     4.36   18.69
 131454.214   120.351     6.37   19.91
 131830.206   111.050   -24.74   22.39
 132206.196    97.209   -36.81   23.76
 132582.183    83.956   -35.25   20.07
 132958.168    80.739    -8.56   17.42
 133334.151    90.185    25.12   28.11
 133710.131    95.479    14.08   26.83
 134086.109   101.722    16.60   17.79
 134462.085   105.101     8.99   16.88
 134838.059    97.938   -19.05   18.09
 135214.030    89.114   -23.47   19.10
 135589.999    78.064   -29.39   18.32
 135965.966    70.127   -21.11   16.08
 136341.930    68.371    -4.67   13.49
 136717.893    71.717     8.90   19.07
 137093.853    86.456    39.20   27.82
 137469.810   105.973    51.91   30.53
 137845.766   122.325    43.49   33.14
 138221.719   136.383    37.39   33.50
 138597.670   151.558    40.36   33.75
 138973.618   166.693    40.26   27.78
 139349.565   174.339    20.34   23.43
 139725.509   175.185     2.25   21.17
 140101.451   155.691   -51.85   33.61
 140477.390   134.128   -57.36   31.88
 140853.328   114.695   -51.69   23.81
 141229.263   103.641   -29.40   15.29
 141605.195    98.336   -14.11   17.63
 141981.126    85.409   -34.39   20.29
 142357.054    82.332    -8.18   20.44
 142732.981    85.614     8.73   27.50
 143108.904    96.435    28.78   29.78
 143484.826   101.281    12.89   25.13
 143860.745   104.306     8.05   20.68
 144236.663   106.046     4.63   21.39
 144612.578   121.178    40.25   29.07
 144988.490   132.197    29.31   25.70
 145364.401   128.482    -9.88   27.95
 145740.309   114.851   -36.26   29.46
 146116.215    98.145   -44.44   13.93
 146492.119    94.435    -9.87   11.97
 146868.020    91.317    -8.29   10.90
 147243.920    96.475    13.72   14.87
 147619.817    99.371     7.70   15.05
 147995.712    98.503    -2.31   16.31
 148371.604    99.140     1.70   14.67
 148747.495   107.281    21.66   23.73
 149123.383   122.938    41.65   31.18
 149499.269   138.332    40.95   26.12
 149875.153   142.973    12.35   19.74
 150251.035   131.229   -31.24   26.91
 150626.914   111.219   -53.23   25.36
 151002.791    98.332   -34.29   22.24
 151378.666    91.019   -19.45   16.36
 151754.539    82.803   -21.86   15.34
 152130.410    77.911   -13.01   13.75
 152506.424    76.208    -4.53   13.02
 152882.738    76.409     0.53   14.80
 153259.050    74.772    -4.35   15.56
 153635.361    71.308    -9.20   14.87
 154011.669    68.263    -8.09   14.04
 154387.974    66.947    -3.50   15.04
 154764.278    66.904    -0.12   15.39
 155140.579    73.845    18.45   17.85
 155516.878    79.830    15.91   15.65
 155893.175    85.460    14.96   16.11
 156269.470    89.982    12.02   15.64
 156645.763    91.640     4.41   13.92
 157022.053    90.371    -3.37   14.94
 157398.341    87.239    -8.32   15.80
 157774.627    87.209    -0.08   16.87
 158150.911    89.587     6.32   18.35
 158527.193    92.722     8.33   17.50
 158903.472    91.843    -2.34   15.08
 159279.750    83.076   -23.30   20.22
 159656.025    69.717   -35.50   23.81
 160032.298    59.058   -28.32   19.41
 160408.569    53.956   -13.56   14.49
 160784.837    52.670    -3.42   14.90
 161161.104    49.930    -7.28   16.38
 161537.368    51.489     4.14   14.84
 161913.630    54.884     9.02   17.91
 162289.890    61.404    17.33   18.28
 162666.148    65.298    10.35   14.18
 163042.404    58.768   -17.36   16.98
 163418.658    54.992   -10.03   16.19
 163794.909    55.164     0.46   16.98
 164171.158    63.152    21.23   20.36
 164547.405    74.695    30.68   15.75
 164923.650    76.668     5.24   14.36
 165299.893    70.371   -16.74   16.43
 165676.134    59.460   -29.00   17.11
 166052.372    49.024   -27.74   14.01
 166428.609    45.443    -9.52   10.98
 166804.843    42.511    -7.79    9.54
 167181.075    40.877    -4.34    9.64
 167557.305    39.447    -3.80   11.86
 167933.533    36.691    -7.33   15.18
 168309.759    32.167   -12.03   17.31
 168685.982    23.281   -23.62   18.56
 169062.204    17.719   -14.78   15.28
 169438.423    11.114   -17.56   11.74
 169814.640     9.101    -5.35    8.11
 170190.856     9.614     1.36    9.23
 170567.069    11.486     4.98    9.00
 170943.279    16.086    12.23    8.15
 171319.488    14.614    -3.91    5.70
 171695.695    12.668    -5.17    2.21
 172071.899    11.290    -3.66    3.28
 172448.102    10.460    -2.20    3.21
 172824.302     9.364    -2.91    3.45
 173200.500     9.332    -0.09    2.96
 173576.696     8.167    -3.10    6.04
 173952.890     7.668    -1.33    7.06
 174329.082     5.435    -5.94    8.84
 174705.272     2.956    -6.59   10.01
 175081.459     2.535    -1.12    9.77
 175457.645     1.114    -3.78   10.02
 175833.828     0.537    -1.53   12.92
 176210.010     2.236     4.52   19.60
 176586.189    11.819    25.48   29.98
 176962.366    25.839    37.27   36.78
 177338.541    34.753    23.70   33.72
 177714.714    40.236    14.57   27.01
 178090.885    35.236   -13.29   18.05
 178467.054    34.749    -1.29   12.95
 178843.221    40.398    15.02   19.63
 179219.386    48.364    21.18   20.76
 179595.548    56.164    20.74   14.84
 179971.709    56.973     2.15   15.02
 180347.867    54.101    -7.64   16.61
 180724.024    52.486    -4.29   13.84
 181100.178    55.219     7.27   16.29
 181476.330    59.383    11.07   18.57
 181852.480    62.236     7.58   16.91
 182228.628    60.742    -3.97   18.39
 182604.774    55.086   -15.04   16.01
 182980.918    47.024   -21.43   15.55
 183357.060    39.306   -20.52   15.16
 183733.200    33.555   -15.29   11.74
 184109.338    35.587     5.40   12.74
 184485.473    44.073    22.56   17.41
 184861.607    52.965    23.64   17.61
 185237.739    58.722    15.30   20.50
 185613.868    61.086     6.29   21.74
 185989.996    60.614    -1.26   22.12
 186366.121    60.127    -1.30   21.59
 186742.245    62.167     5.42   18.21
 187118.366    67.035    12.94   18.23
 187494.485    67.717     1.81   15.67
 187870.603    68.460     1.98   13.76
 188246.718    67.560    -2.39   13.58
 188622.831    68.178     1.64   10.81
 188998.942    67.725    -1.20   10.04
 189375.051    72.460    12.59   10.62
 189751.159    77.896    14.45   11.35
 190127.264    83.083    13.79   12.05
 190503.367    88.563    14.57   13.06
 190879.468    94.155    14.87   11.93
 191255.567    98.290    10.99    9.19
 191631.664   102.101    10.13    4.96
 192007.759   103.225     2.99    4.66
 192383.851   100.851    -6.31    9.15
 192759.942    95.768   -13.51   12.85
 193136.031    91.830   -10.47   15.24
 193512.118    86.947   -12.98   16.82
 193888.203    86.563    -1.02   16.14
 194264.286    88.665     5.59   14.37
 194640.367    88.803     0.37   13.85
 195016.445    89.585     2.08   11.71
 195392.522    88.788    -2.12   11.53
