# NaN NaN NaN ;Mean Elev.(m), Avg Gradient(m/km), RMS Gradient(m/km) - SRTM1     
#  107.479  -1.212   8.849 ;Mean Elev.(m), Avg Gradient(m/km), RMS Gradient(m/km) - ASTER GDEM
#  126.367  -0.065   7.935 ;Mean Elev.(m), Avg Gradient(m/km), RMS Gradient(m/km) - GMTED2010 
  6 311.243825  -6.707244   125.856   126.184  6 52419.54934469 37.889
  7 311.243554  -6.708422   123.841   123.796  6 52454.54936977 46.870
  8 311.254327  -6.699487   122.743   122.789  7 52489.54934455 23.495
  9 311.249163  -6.704453   122.877   122.941  6 52524.54932266 47.359
 10 311.244756  -6.708156   123.069   122.899  7 52559.54937296 24.285
 11 311.241021  -6.709406   123.184   123.119  5 52594.54937789 44.063
 12 311.252338  -6.702031   123.769   123.720  7 52629.54930591 48.858
 13 311.246427  -6.706028   126.411   126.406  6 52664.54933867 40.903
 14 311.254542  -6.699143   128.058   127.945  7 52699.54931082 47.256
 15 311.256560  -6.697065   129.332   129.271  7 52734.54933900 47.517
 16 311.247950  -6.704988   128.220   128.234  7 52769.54933371 51.004
 17 311.246332  -6.707374   125.063   125.111  7 52804.54936550 47.832
 18 311.249801  -6.703773   124.595   124.746  6 52839.54942674 23.950
 19 311.248925  -6.703644   123.079   123.074  7 52874.54946616 48.479
 20 311.255933  -6.697522   124.341   124.356  7 52909.54943988 24.552
 21 311.256462  -6.696680   122.693   122.600  7 52944.54937689 32.813
 22 311.249930  -6.702515   124.525   124.547  7 52979.54943032 41.043
 23 311.246394  -6.706234   125.592   125.529  7 53014.54942844 24.762
 24 311.248973  -6.704013   129.748   129.738  7 53049.54940102 50.916
 25 311.240584  -6.708688   130.954   130.935  4 53084.54943792 49.669
 26 311.244435  -6.708562   130.856   130.846  7 53119.54940759 51.069
 27 311.241613  -6.708930   126.622   126.442  5 53154.54945990 42.770
 28 311.256441  -6.696989   124.020   124.009  6 53189.54944706 50.836
 29 311.252406  -6.700303   123.250   123.187  7 53224.54946016 44.835
 30 311.244434  -6.708318   123.060   122.950  7 53259.54943676 23.046
 31 311.239075  -6.709143   122.758   122.917  4 53294.54946335 28.363
 32 311.250295  -6.703089   124.019   123.455  7 53329.54943516 22.693
 33 311.253923  -6.699619   125.257   125.422  6 53364.54938522 46.432
 34 311.246904  -6.707100   128.323   128.307  7 53399.54941095 26.838
 35 311.252031  -6.702109   127.900   128.041  7 53434.54940019 33.385
 36 311.245638  -6.707017   129.174   129.258  6 53469.54944454 32.243
 37 311.243605  -6.708276   127.830   127.937  6 53504.54948688 25.571
 38 311.246821  -6.706052   124.948   125.050  6 53539.54948559 48.451
 39 311.244637  -6.708738   123.896   123.641  6 53574.54948281 34.536
 40 311.247543  -6.706476   122.768   122.779  7 53609.54943233 24.071
 41 311.247576  -6.705084   122.730   122.744  7 53644.54943490 46.442
 42 311.242366  -6.709457   122.794   122.891  6 53679.54945360 50.026
 43 311.253737  -6.699615   126.086   126.187  6 53714.54937954 26.903
 44 311.254342  -6.698775   127.243   127.251  7 53749.54929485 47.248
 45 311.254108  -6.698965   127.444   127.463  7 53784.54932539 48.912
 46 311.254104  -6.699638   127.785   127.765  7 53819.54928574 45.427
 47 311.243039  -6.709392   129.852   129.889  6 53854.54936940 48.590
 48 311.257592  -6.695853   127.400   127.440  6 53889.54937538 21.088
 49 311.237413  -6.709700   124.217   124.243  4 53924.54944478 48.429
