# NaN NaN NaN ;Mean Elev.(m), Avg Gradient(m/km), RMS Gradient(m/km) - SRTM1     
#   77.251  -0.749   7.872 ;Mean Elev.(m), Avg Gradient(m/km), RMS Gradient(m/km) - ASTER GDEM
#   80.474  -1.816   7.442 ;Mean Elev.(m), Avg Gradient(m/km), RMS Gradient(m/km) - GMTED2010 
  7 310.992027  -5.313631    79.395    79.374  5 52443.05507332 42.145
  8 310.996378  -5.310729    79.259    79.237  9 52478.05506852 48.482
  9 311.007231  -5.297908    79.868    79.752  9 52513.05501270 48.858
 10 310.998285  -5.301118    79.580    79.520  5 52548.05505411 46.460
 11 311.005271  -5.313452    79.946    79.952  8 52583.05505339 42.863
 12 310.997335  -5.309305    79.411    79.406  9 52618.05502852 46.959
 13 311.011688  -5.312343    81.479    81.470  7 52653.05500145 45.908
 14 311.003968  -5.315887    81.340    81.398  4 52688.05500155 46.311
 15 311.001509  -5.309333    83.452    83.563 12 52723.05504946 47.355
 16 310.991844  -5.321269    82.016    81.956  7 52758.05506858 46.457
 17 311.004099  -5.306981    80.856    80.813  6 52793.05502384 46.055
 18 311.007389  -5.312769    80.283    80.139  9 52828.05509045 45.083
 19 311.007577  -5.306403    79.956    79.983 10 52863.05513667 46.641
 20 310.998909  -5.307128    79.249    79.257  9 52898.05516631 47.543
 21 310.998169  -5.310596    79.196    79.097  9 52933.05511124 46.399
 22 311.002179  -5.305067    80.213    80.242 10 52968.05511954 46.184
 24 310.997989  -5.313476    83.699    83.656 11 53038.05509081 49.425
 25 311.000179  -5.312427    86.069    86.051 11 53073.05511765 48.312
 26 310.997685  -5.311969    85.178    85.060  9 53108.05509126 48.274
 27 311.000957  -5.310140    82.227    82.209 12 53143.05512777 46.365
 28 311.003235  -5.308924    80.319    80.378 10 53178.05514926 47.129
 29 310.999556  -5.310549    79.699    79.698 11 53213.05516953 46.063
 30 311.002035  -5.310520    79.534    79.511 11 53248.05513835 43.987
 31 310.998722  -5.311581    79.165    79.174 11 53283.05512939 48.252
 32 311.006186  -5.313253    80.048    80.039  9 53318.05512807 46.304
 33 311.006968  -5.312534    80.369    80.427  9 53353.05509425 46.405
 34 311.001383  -5.310151    81.011    81.022 12 53388.05509057 44.465
 35 311.006279  -5.300785    83.531    83.511  9 53423.05509263 46.817
 36 311.006915  -5.309560    84.850    84.820 10 53458.05509615 46.705
 37 310.994864  -5.312553    82.364    82.380  9 53493.05518130 48.952
 38 311.006092  -5.307692    81.155    81.098 11 53528.05516089 46.018
 39 310.995239  -5.311515    79.339    79.350  8 53563.05518988 46.026
 40 311.004200  -5.305301    79.839    79.840 10 53598.05513085 48.104
 41 310.998605  -5.312895    78.840    78.801 11 53633.05512530 49.441
 42 310.996881  -5.309585    79.155    79.216  9 53668.05514793 47.243
 43 311.007368  -5.314061    80.519    80.524  8 53703.05509039 43.349
 44 311.007533  -5.315099    81.642    81.691  7 53738.05499983 43.759
 45 311.009166  -5.315264    81.819    81.805  6 53773.05501272 44.622
 46 311.006000  -5.314707    81.939    81.933  8 53808.05499995 44.605
 48 311.005007  -5.309242    83.562    83.395 11 53878.05507056 28.424
 49 310.995534  -5.311282    79.787    79.731  9 53913.05512339 44.764
 51 311.000667  -5.310659    79.517    79.530 11 53983.05507851 46.071
 52 311.003475  -5.307507    79.745    79.757 12 54018.05510853 47.568
 53 311.008476  -5.299200    80.691    80.693 10 54053.05510344 44.218
 54 311.003097  -5.309210    80.981    80.942 12 54088.05509317 45.252
 55 311.001519  -5.311171    81.111    81.124 12 54123.05501606 45.049
 56 311.001398  -5.310174    84.619    84.599 11 54158.05505652 48.330
 58 311.001896  -5.310451    81.676    81.632 12 54228.05506831 45.765
 59 311.002520  -5.309979    80.158    80.162 11 54263.05508766 44.438
 60 311.002380  -5.308414    79.783    79.794 12 54298.05509268 46.007
 61 311.003383  -5.310279    79.495    79.464 12 54333.05508181 46.667
 63 311.002476  -5.309044    79.763    79.803 11 54403.05502522 45.659
 65 311.005814  -5.315265    80.599    80.581  8 54473.05500961 43.575
 66 311.001876  -5.308976    81.569    81.565 12 54508.05499294 43.995
 67 311.003540  -5.310298    83.078    83.087 11 54543.05502493 45.901
 68 311.001724  -5.310862    83.150    83.111 12 54578.05499541 46.498
 69 311.003133  -5.310290    81.519    81.506 12 54613.05501625 45.599
 70 311.001908  -5.310512    80.034    80.078 11 54648.05502268 44.345
 71 311.001836  -5.309389    79.653    79.658 11 54683.05502342 45.780
 72 311.002198  -5.309171    79.478    79.423 12 54718.05497105 45.481
 73 311.002052  -5.309533    79.588    79.637 12 54753.05499606 45.259
 74 311.001802  -5.310524    79.770    79.760 11 54788.05496065 45.200
 75 311.004367  -5.315358    80.821    80.866  9 54823.05498942 42.631
 76 311.003647  -5.314839    81.414    81.380  9 54858.05495625 44.133
 77 311.000937  -5.310534    82.596    82.597 11 54893.05499263 45.211
 78 311.000257  -5.310902    82.569    82.559 11 54928.05495448 47.431
 80 310.999907  -5.311544    81.121    81.038 12 54998.05501326 45.241
 82 311.002385  -5.309328    79.631    79.646 11 55068.05499123 45.920
 83 311.000163  -5.310712    79.296    79.301 11 55103.05492952 46.504
 84 311.002662  -5.309982    79.925    79.964 11 55138.05493731 44.555
 85 311.002093  -5.310728    80.751    80.698 11 55173.05489829 43.752
 86 311.002570  -5.310506    82.297    82.289 12 55208.05493213 46.790
 87 311.001136  -5.311335    82.445    82.438 12 55243.05490247 46.342
 88 311.001536  -5.309490    82.470    82.458 11 55278.05492565 46.277
 89 311.001639  -5.310103    82.494    82.490 12 55313.05488899 47.702
 90 311.002499  -5.309318    80.615    80.622 11 55348.05489678 44.592
 91 311.001623  -5.309692    79.814    79.848 11 55383.05488673 43.920
 92 311.003074  -5.310322    79.545    79.511 12 55418.05491531 46.599
 93 311.002701  -5.310596    79.255    79.242 12 55453.05489613 46.586
 94 311.002777  -5.309074    79.517    79.494 12 55488.05481742 44.245
