-263253.919    62.210     0.00    7.03
-262877.453    60.943    -3.36    6.56
-262500.991    59.338    -4.26    5.97
-262124.534    58.759    -1.54    5.98
-261748.082    59.597     2.23    6.69
-261371.634    59.516    -0.22    6.77
-260995.191    60.599     2.88    7.13
-260618.752    62.193     4.24    8.32
-260242.318    63.466     3.38    9.46
-259865.888    66.517     8.10   11.93
-259489.463    70.697    11.11   12.85
-259113.043    69.492    -3.20   11.09
-258736.627    74.030    12.06   10.15
-258360.216    78.227    11.15   10.42
-257983.810    85.415    19.10   11.16
-257607.408    94.138    23.18   10.12
-257231.010   101.201    18.77    8.65
-256854.617   107.268    16.12    7.29
-256478.229   112.315    13.41    5.17
-256101.845   114.201     5.01    4.38
-255725.466   116.165     5.22    5.49
-255349.092   117.813     4.38    5.24
-254972.722   116.732    -2.87    6.24
-254596.356   114.876    -4.93    6.95
-254219.995   113.143    -4.61    6.44
-253843.639   108.646   -11.95    6.95
-253467.287   105.651    -7.96    7.11
-253090.940   104.261    -3.69    6.68
-252714.597   104.464     0.54    7.41
-252338.259   106.774     6.14    7.27
-251961.926   109.569     7.43    6.18
-251585.597   111.030     3.88    6.70
-251209.272   112.138     2.94    6.14
-250832.952   111.594    -1.44    6.14
-250456.637   106.893   -12.49    9.52
-250080.326    99.599   -19.39    8.68
-249704.020    96.727    -7.63    6.99
-249327.718    97.412     1.82    7.33
-248951.421   100.516     8.25    6.76
-248575.128   103.786     8.69    5.85
-248198.840   105.572     4.74    6.48
-247822.556   107.768     5.84    7.48
-247446.277   109.518     4.65    6.57
-247070.003   111.813     6.10    6.10
-246693.732   117.338    14.68    8.48
-246317.467   125.099    20.63    9.45
-245941.206   133.800    23.13   11.17
-245564.949   141.543    20.58    8.10
-245188.697   145.620    10.84    6.24
-244812.450   147.057     3.82    5.66
-244436.207   144.235    -7.50    8.05
-244059.969   140.714    -9.36    9.32
-243683.735   134.071   -17.66    9.49
-243307.505   129.876   -11.15    8.36
-242931.280   125.648   -11.24    8.46
-242555.060   120.678   -13.21    9.12
-242178.844   116.786   -10.35    9.41
-241802.633   111.600   -13.79    9.25
-241426.426   106.210   -14.33    8.74
-241050.223   101.646   -12.13    8.96
-240674.025    97.904    -9.95    8.60
-240297.832    95.082    -7.50    8.50
-239921.643    90.460   -12.29    7.48
-239545.459    84.825   -14.98    8.28
-239169.279    79.675   -13.69    6.72
-238793.103    77.327    -6.24    5.56
-238416.932    80.056     7.26    8.64
-238040.766    84.928    12.95   10.70
-237664.604    89.763    12.85   10.15
-237288.446    95.932    16.40   10.42
-236912.293   100.168    11.26    8.94
-236536.144   105.648    14.57   10.55
-236160.000   111.938    16.72   11.18
-235783.860   114.786     7.57   11.90
-235407.725   118.073     8.74   13.56
-235031.595   124.261    16.45   15.92
-234655.468   132.017    20.62   16.57
-234279.346   137.651    14.98   14.77
-233903.229   137.697     0.12   13.33
-233527.116   136.515    -3.14   11.88
-233151.008   139.594     8.19   10.32
-232774.904   145.218    14.95   12.78
-232398.804   153.570    22.21   12.03
-232022.709   163.466    26.31    9.94
-231646.619   169.056    14.86    6.20
-231270.532   169.774     1.91    6.20
-230894.451   167.840    -5.14    8.25
-230518.373   161.543   -16.75    9.77
-230142.301   155.165   -16.96    7.57
-229766.232   150.651   -12.00    9.03
-229390.168   149.122    -4.07    9.25
-229014.109   148.512    -1.62    8.50
-228638.054   150.261     4.65    9.86
-228262.003   152.096     4.88    8.60
-227885.957   149.327    -7.36    9.07
-227509.915   143.569   -15.31   10.40
-227133.877   136.876   -17.80    9.91
-226757.845   128.912   -21.18    9.82
-226381.816   122.364   -17.41    9.85
-226005.792   117.489   -12.96    7.26
-225629.772   115.723    -4.70    6.08
-225253.757   114.800    -2.46    5.54
-224877.746   113.620    -3.14    6.10
-224501.740   113.246    -1.00    6.67
-224125.738   113.338     0.25    6.52
-223749.740   116.138     7.45    7.75
-223373.747   121.122    13.26    6.88
-222997.758   126.148    13.37    8.24
-222621.774   132.074    15.76    8.10
-222245.794   136.030    10.52    6.50
-221869.818   138.964     7.80    4.76
-221493.847   139.622     1.75    6.82
-221117.880   138.840    -2.08    8.07
-220741.918   137.988    -2.27    8.77
-220365.960   136.338    -4.39    8.84
-219990.006   133.594    -7.30    8.29
-219614.057   131.885    -4.55    6.33
-219238.112   128.868    -8.03    6.72
-218862.172   127.056    -4.82    9.51
-218486.235   122.594   -11.87   11.64
-218110.304   116.381   -16.53   12.22
-217734.377   111.851   -12.05   12.77
-217358.454   108.138    -9.88   12.69
-216982.535   104.885    -8.65   11.02
-216606.621   100.768   -10.95    9.97
-216230.711    95.372   -14.36    7.47
-215854.806    91.646    -9.91    5.10
-215478.905    88.991    -7.06    4.69
-215103.008    88.408    -1.55    5.39
-214727.116    88.219    -0.50    6.16
-214351.228    89.321     2.93    6.97
-213975.344    92.159     7.55    8.78
-213599.465    93.261     2.93   10.59
-213223.590    92.227    -2.75   12.51
-212847.719    90.876    -3.59   12.62
-212471.853    86.671   -11.19   11.81
-212095.991    84.261    -6.41   10.09
-211720.134    82.462    -4.79    9.09
-211344.281    82.030    -1.15    9.17
-210968.432    80.265    -4.70    9.20
-210592.588    80.622     0.95   10.62
-210216.748    80.593    -0.08   11.28
-209840.912    79.400    -3.17    7.37
-209465.081    84.005    12.25   11.81
-209089.254    91.192    19.12   16.83
-208713.431    98.354    19.06   20.06
-208337.612   110.057    31.14   17.30
-207961.798   115.293    13.93   14.03
-207585.989   111.193   -10.91   16.18
-207210.183   105.620   -14.83   15.99
-206834.382   100.438   -13.79   12.10
-206458.585   100.620     0.48    9.70
-206082.793   103.438     7.50   10.19
-205707.005   110.723    19.39   12.67
-205331.221   118.569    20.88    9.54
-204955.442   120.953     6.34    8.29
-204579.667   124.300     8.91    7.41
-204203.896   126.201     5.06    7.53
-203828.129   129.068     7.63    8.45
-203452.367   134.000    13.13    9.42
-203076.609   138.300    11.44   11.16
-202700.856   141.759     9.21   11.83
-202325.106   147.003    13.95   11.48
-201949.361   152.570    14.82    9.46
-201573.621   155.515     7.84    7.60
-201197.884   155.793     0.74    5.57
-200822.152   153.774    -5.37    7.26
-200446.424   150.516    -8.67    6.63
-200070.701   148.235    -6.07    6.45
-199694.982   146.543    -4.50    7.43
-199319.267   143.800    -7.30    9.02
-198943.556   137.359   -17.14   10.50
-198567.850   132.748   -12.27   10.73
-198192.148   127.543   -13.86   10.27
-197816.450   126.159    -3.69   11.46
-197440.757   126.018    -0.37   13.35
-197065.068   124.349    -4.44   13.61
-196689.383   124.111    -0.63   13.42
-196313.702   126.462     6.26   13.53
-195938.026   129.273     7.48   14.27
-195562.353   137.333    21.46   15.31
-195186.686   145.626    22.08   10.83
-194811.022   148.543     7.76    9.44
-194435.363   147.774    -2.05    9.43
-194059.708   142.381   -14.36   11.21
-193684.057   135.133   -19.30   11.69
-193308.410   127.648   -19.93   10.59
-192932.768   122.056   -14.89   10.91
-192557.130   118.806    -8.65    9.79
-192181.497   116.235    -6.84    9.02
-191805.867   114.219    -5.37    8.51
-191430.242   112.133    -5.55    8.56
-191054.621   109.843    -6.10    8.31
-190678.517   107.210    -7.00    7.86
-190302.056   101.867   -14.19    9.48
-189925.598    92.732   -24.27   11.09
-189549.146    84.408   -22.11   10.14
-189172.697    77.697   -17.83    6.14
-188796.253    75.960    -4.61    4.34
-188419.813    80.643    12.44    8.17
-188043.377    87.306    17.70   10.20
-187666.946    94.462    19.01    9.96
-187290.518   101.184    17.86    8.30
-186914.095   106.991    15.43    8.60
-186537.677   111.133    11.01    9.56
-186161.262   118.107    18.53   10.35
-185784.852   124.184    16.15   10.97
-185408.446   130.754    17.45   10.07
-185032.044   134.668    10.40    8.47
-184655.646   134.843     0.46    7.45
-184279.253   134.738    -0.28    7.76
-183902.864   134.705    -0.09    8.37
-183526.479   134.867     0.43    7.91
-183150.099   135.354     1.29    7.14
-182773.722   131.082   -11.35    9.67
-182397.350   123.000   -21.47    9.07
-182020.982   117.318   -15.10    8.08
-181644.619   114.675    -7.02    7.24
-181268.259   115.651     2.59    8.87
-180891.904   120.056    11.70    9.14
-180515.553   123.648     9.55    8.24
-180139.206   127.184     9.40    7.93
-179762.863   129.876     7.15    6.61
-179386.525   129.825    -0.14    6.87
-179010.191   126.306    -9.35    8.58
-178633.861   122.492   -10.14    7.62
-178257.535   120.593    -5.05    8.67
-177881.213   123.210     6.95   10.09
-177504.896   122.976    -0.62    8.23
-177128.583   120.333    -7.02    8.46
-176752.274   117.138    -8.49    8.81
-176375.969   110.876   -16.64    9.06
-175999.669   104.867   -15.97    8.07
-175623.372   102.768    -5.58    6.63
-175247.080   105.005     5.94    9.59
-174870.792   109.460    11.84    9.87
-174494.508   111.671     5.88    9.83
-174118.229   112.867     3.18    8.80
-173741.953   114.543     4.45    8.11
-173365.682   117.569     8.04    8.37
-172989.415   121.261     9.81    7.99
-172613.152   125.148    10.33    6.84
-172236.894   125.800     1.73    6.76
-171860.639   125.324    -1.26    6.20
-171484.389   123.895    -3.80    6.88
-171108.142   121.333    -6.81    8.97
-170731.900   115.991   -14.20    9.16
-170355.663   109.759   -16.56    9.80
-169979.429   101.859   -21.00    9.79
-169603.199    96.867   -13.27    7.61
-169226.974    94.774    -5.56    7.60
-168850.753    92.748    -5.38    8.97
-168474.536    90.327    -6.44    8.02
-168098.323    89.133    -3.17    7.64
-167722.114    88.813    -0.85    8.08
-167345.910    88.364    -1.20    8.98
-166969.709    84.876    -9.27   11.62
-166593.513    78.246   -17.63   13.26
-166217.321    71.885   -16.91    9.86
-165841.133    69.338    -6.77    4.62
-165464.949    71.643     6.13    4.89
-165088.770    74.138     6.63    3.03
-164712.594    76.005     4.96    3.61
-164336.423    78.246     5.96    6.63
-163960.256    80.701     6.53    8.14
-163584.092    82.438     4.62    8.21
-163207.933    82.324    -0.30    7.10
-162831.779    84.697     6.31    8.29
-162455.628    86.364     4.43    8.80
-162079.481    87.111     1.99    8.52
-161703.339    89.107     5.31    9.00
-161327.201    92.988    10.32    9.27
-160951.066    96.082     8.23    8.35
-160574.936    97.492     3.75    7.34
-160198.810    98.462     2.58    7.05
-159822.688    98.082    -1.01    6.94
-159446.571    99.312     3.27    6.31
-159070.457   104.466    13.70    7.88
-158694.348   110.489    16.01    6.36
-158318.242   113.825     8.87    4.77
-157942.141   117.057     8.59    3.76
-157566.044   118.201     3.04    4.08
-157189.951   119.096     2.38    4.08
-156813.862   121.887     7.42    3.54
-156437.777   122.748     2.29    3.57
-156061.696   125.069     6.17    4.71
-155685.619   129.003    10.46    5.96
-155309.547   133.338    11.53    7.75
-154933.478   137.849    11.99    7.78
-154557.414   141.671    10.17    7.87
-154181.353   144.697     8.05    8.65
-153805.297   143.246    -3.86    8.91
-153429.245   135.364   -20.96   15.62
-153053.197   124.569   -28.71   17.45
-152677.153   117.466   -18.89   14.00
-152301.113   113.759    -9.86    9.47
-151925.077   117.107     8.90   11.29
-151549.046   125.759    23.01    7.94
-151173.018   130.133    11.63    6.30
-150796.994   128.254    -5.00    8.69
-150420.975   122.324   -15.77    9.27
-150044.959   119.697    -6.99    6.86
-149668.948   121.964     6.03    8.93
-149292.941   128.273    16.78   10.37
-148916.938   134.082    15.45    7.85
-148540.938   136.265     5.81    6.28
-148164.943   133.235    -8.06    7.52
-147788.952   126.338   -18.35    9.81
-147412.965   118.354   -21.24   10.10
-147036.982   111.594   -17.98    9.09
-146661.003   105.723   -15.62    8.02
-146285.028   101.287   -11.80    5.71
-145909.058    99.922    -3.63    5.10
-145533.091   102.159     5.95    7.55
-145157.128   107.219    13.46    8.12
-144781.170   111.466    11.30    8.15
-144405.215   113.964     6.64    6.92
-144029.264   115.043     2.87    6.04
-143653.318   118.543     9.31    5.99
-143277.375   122.885    11.55    6.14
-142901.437   127.381    11.96    6.37
-142525.502   131.412    10.72    7.78
-142149.572   135.682    11.36   10.83
-141773.646   138.675     7.96   11.97
-141397.723   139.159     1.29   12.89
-141021.805   139.859     1.86   11.94
-140645.891   141.979     5.64   12.13
-140269.980   143.287     3.48   15.32
-139894.074   142.800    -1.30   17.75
-139518.172   139.895    -7.73   20.30
-139142.274   135.312   -12.19   19.87
-138766.380   131.895    -9.09   16.00
-138390.489   128.851    -8.10   13.46
-138014.603   129.492     1.71   12.75
-137638.721   128.762    -1.94    9.72
-137262.843   129.261     1.33    9.05
-136886.969   131.806     6.77    9.08
-136511.099   132.543     1.96    7.94
-136135.232   135.705     8.41    8.83
-135759.370   138.904     8.51    9.27
-135383.512   142.492     9.55    9.51
-135007.658   144.569     5.53    7.62
-134631.808   144.438    -0.35    6.83
-134255.962   140.723    -9.89    8.66
-133880.119   135.851   -12.96    6.88
-133504.281   131.466   -11.67    5.62
-133128.447   128.273    -8.50    4.15
-132752.617   126.235    -5.42    4.16
-132376.791   124.597    -4.36    4.96
-132000.968   123.594    -2.67    4.97
-131625.150   122.620    -2.59    5.23
-131249.336   122.699     0.21    6.77
-130873.526   120.902    -4.78    7.91
-130497.719   118.759    -5.70    8.49
-130121.917   117.412    -3.59    7.06
-129746.118   117.280    -0.35    5.60
-129370.324   120.154     7.65    7.21
-128994.534   122.868     7.22    7.55
-128618.747   125.287     6.44    6.07
-128242.965   127.833     6.78    6.28
-127867.186   131.517     9.80    8.45
-127491.411   135.338    10.17    8.28
-127115.641   138.646     8.80    6.19
-126739.874   139.381     1.96    6.38
-126364.111   136.851    -6.73    7.70
-125988.353   132.976   -10.31    8.17
-125612.598   133.056     0.21    8.26
-125236.847   132.594    -1.23    9.08
-124861.100   136.513    10.43    9.19
-124485.357   138.412     5.05    8.68
-124109.618   140.678     6.03    9.54
-123733.883   145.806    13.65   11.18
-123358.152   151.912    16.25   10.06
-122982.424   153.840     5.13    8.87
-122606.701   153.718    -0.33    8.33
-122230.982   149.979    -9.95   10.45
-121855.266   146.201   -10.06   11.99
-121479.555   141.806   -11.70   12.17
-121103.847   138.902    -7.73   11.73
-120728.144   133.569   -14.20    9.57
-120352.444   130.246    -8.84    5.63
-119976.748   129.774    -1.26    5.20
-119601.056   131.404     4.34    6.87
-119225.369   132.748     3.58    8.15
-118849.685   134.312     4.16    7.10
-118474.004   137.190     7.66    6.73
-118098.328   140.381     8.49    7.75
-117722.656   144.489    10.94    7.24
-117346.988   146.806     6.17    7.72
-116971.323   143.069    -9.95    8.88
-116595.663   140.813    -6.01    7.66
-116220.006   145.543    12.59    9.93
-115844.353   148.133     6.89   11.22
-115467.948   151.201     8.15   10.55
-115091.513   155.867    12.40   14.76
-114715.082   157.069     3.19   20.04
-114338.655   159.671     6.91   20.03
-113962.232   165.543    15.60   20.65
-113585.813   165.543     0.00   18.86
-113209.398   168.015     6.57   15.20
-112832.986   171.825    10.12   14.56
-112456.579   175.261     9.13   12.07
-112080.175   180.190    13.10   10.52
-111703.776   185.381    13.79   11.61
-111327.380   181.543   -10.20   15.27
-110950.988   181.991     1.19   16.97
-110574.600   179.648    -6.22   22.07
-110198.216   172.813   -18.16   24.12
-109821.836   180.592    20.67   28.48
-109445.460   188.697    21.54   32.87
-109069.087   195.991    19.38   28.50
-108692.719   198.697     7.19   25.91
-108316.354   198.107    -1.57   24.86
-107939.993   204.441    16.83   26.81
-107563.636   208.624    11.12   26.55
-107187.283   217.056    22.40   25.62
-106810.934   229.488    33.03   23.72
-106434.589   238.928    25.08   23.22
-106058.248   251.143    32.46   22.84
-105681.910   262.829    31.05   17.82
-105305.577   267.671    12.87   18.55
-104929.247   267.030    -1.71   21.24
-104552.921   264.840    -5.82   23.11
-104176.599   263.976    -2.30   23.58
-103800.281   269.210    13.91   24.15
-103423.967   282.543    35.43   20.57
-103047.656   293.466    29.03   13.91
-102671.350   296.412     7.83   12.16
-102295.047   292.902    -9.33   16.95
-101918.748   291.466    -3.82   19.49
-101542.453   295.338    10.29   19.60
-101166.162   298.678     8.88   22.87
-100789.875   309.748    29.42   23.74
-100413.591   322.182    33.04   18.93
-100037.311   326.175    10.61   21.19
 -99661.036   330.368    11.14   17.94
 -99284.764   334.200    10.18   22.20
 -98908.496   339.518    14.13   21.82
 -98532.231   331.381   -21.63   32.53
 -98155.971   313.084   -48.63   42.31
 -97779.714   285.840   -72.41   40.74
 -97403.462   270.988   -39.48   34.67
 -97027.213   262.293   -23.11   35.82
 -96650.968   266.468    11.10   40.00
 -96274.726   269.833     8.94   40.07
 -95898.489   266.312    -9.36   34.05
 -95522.255   264.671    -4.36   36.97
 -95146.025   248.902   -41.91   41.58
 -94769.800   219.701   -77.62   18.29
 -94393.577   208.953   -28.57   13.38
 -94017.359   205.988    -7.88   11.18
 -93641.144   206.517     1.41   11.29
 -93264.934   207.518     2.66   11.40
 -92888.727   212.543    13.36   10.72
 -92512.524   214.723     5.79   12.78
 -92136.324   219.543    12.81   12.83
 -91760.129   223.895    11.57   13.59
 -91383.937   219.354   -12.07   17.67
 -91007.749   213.432   -15.74   22.14
 -90631.565   210.210    -8.57   23.75
 -90255.385   208.618    -4.23   27.78
 -89879.209   212.359     9.94   32.38
 -89503.036   208.168   -11.14   35.62
 -89126.867   202.912   -13.97   40.78
 -88750.702   191.082   -31.45   37.60
 -88374.541   173.518   -46.69   28.60
 -87998.383   161.825   -31.08   17.65
 -87622.229   149.840   -31.86   16.88
 -87246.079   138.227   -30.87   12.95
 -86869.933   133.082   -13.68    8.92
 -86493.791   133.126     0.12    8.82
 -86117.652   139.082    15.83   12.89
 -85741.517   148.489    25.01   15.45
 -85365.386   155.516    18.68   16.48
 -84989.259   163.462    21.13   15.27
 -84613.135   170.071    17.57   13.31
 -84237.016   173.748     9.78   13.35
 -83860.900   178.318    12.15   11.79
 -83484.787   183.201    12.98   12.69
 -83108.679   190.418    19.19   16.28
 -82732.574   194.596    11.11   14.18
 -82356.473   203.056    22.49   14.28
 -81980.376   211.876    23.45   13.03
 -81604.283   215.825    10.50   13.71
 -81228.193   216.300     1.26   19.46
 -80852.107   216.648     0.93   23.51
 -80476.025   218.159     4.02   30.42
 -80099.946   228.895    28.55   38.46
 -79723.872   228.287    -1.62   33.76
 -79347.801   226.840    -3.85   28.52
 -78971.734   225.489    -3.59   23.35
 -78595.670   224.597    -2.37   16.33
 -78219.611   229.543    13.15   17.57
 -77843.555   244.082    38.66   28.90
 -77467.502   275.168    82.67   52.34
 -77091.454   299.622    65.03   56.30
 -76715.409   321.918    59.29   52.61
 -76339.368   340.385    49.11   45.10
 -75963.331   344.876    11.94   36.51
 -75587.297   326.287   -49.44   51.48
 -75211.267   306.902   -51.55   59.14
 -74835.241   281.489   -67.58   61.19
 -74459.219   270.491   -29.25   68.72
 -74083.200   270.774     0.75   74.97
 -73707.185   267.300    -9.24   82.09
 -73331.174   275.697    22.33   82.90
 -72955.166   285.084    24.96   81.76
 -72579.163   282.327    -7.33   80.32
 -72203.162   283.840     4.03   76.38
 -71827.166   280.738    -8.25   76.07
 -71451.173   262.466   -48.60   73.32
 -71075.184   258.868    -9.57   77.61
 -70699.199   263.922    13.44   81.06
 -70323.217   269.118    13.82   80.28
 -69947.240   296.359    72.45   72.31
 -69571.265   310.697    38.14   58.74
 -69195.295   325.005    38.06   30.95
 -68819.328   327.210     5.87   30.07
 -68443.365   318.030   -24.42   30.38
 -68067.406   304.017   -37.27   42.21
 -67691.450   289.287   -39.18   53.27
 -67315.498   261.516   -73.87   58.62
 -66939.550   244.441   -45.42   60.56
 -66563.605   215.354   -77.37   58.14
 -66187.664   187.003   -75.42   41.47
 -65811.727   165.867   -56.22   25.65
 -65435.793   156.821   -24.06   14.31
 -65059.863   151.030   -15.40   12.41
 -64683.937   145.943   -13.53   14.15
 -64308.014   142.111   -10.19   14.39
 -63932.095   137.693   -11.75   11.83
 -63556.180   136.885    -2.15    9.21
 -63180.268   139.056     5.77   11.36
 -62804.360   138.697    -0.95   14.59
 -62428.456   132.851   -15.55   19.01
 -62052.556   128.015   -12.86   20.09
 -61676.659   124.359    -9.73   21.43
 -61300.765   124.518     0.42   22.01
 -60924.876   117.354   -19.06   13.57
 -60548.990   111.338   -16.00   14.20
 -60173.108   103.840   -19.95   14.85
 -59797.229    96.273   -20.13   13.73
 -59421.354    90.867   -14.38   12.84
 -59045.483    90.349    -1.38   16.01
 -58669.615    89.466    -2.35   16.84
 -58293.751    93.243    10.05   15.79
 -57917.890    92.408    -2.22   12.31
 -57542.034    91.118    -3.43   11.60
 -57166.180    90.227    -2.37   12.00
 -56790.331    92.876     7.05   14.50
 -56414.485    98.441    14.80   14.71
 -56038.643   102.518    10.85   12.22
 -55662.804   100.432    -5.55   12.46
 -55286.969    92.175   -21.97   14.12
 -54911.138    84.671   -19.97   15.47
 -54535.310    76.922   -20.62   13.00
 -54159.486    76.159    -2.03   10.71
 -53783.666    78.084     5.12   10.88
 -53407.849    79.570     3.96    8.96
 -53032.036    76.922    -7.05   12.58
 -52656.226    69.015   -21.04   14.01
 -52280.420    62.235   -18.04   11.78
 -51904.618    60.793    -3.84   10.17
 -51528.819    62.859     5.50   10.61
 -51153.024    66.468     9.60   12.94
 -50777.232    72.964    17.29   14.88
 -50401.444    75.851     7.68   15.11
 -50025.660    74.518    -3.55   13.99
 -49649.879    72.543    -5.25   14.06
 -49274.102    68.904    -9.68   13.19
 -48898.328    61.017   -20.99   13.38
 -48522.558    54.671   -16.89   13.91
 -48146.792    47.571   -18.90   12.13
 -47771.029    44.774    -7.44    9.61
 -47395.270    41.570    -8.53    7.07
 -47019.515    40.516    -2.81    5.70
 -46643.763    39.624    -2.37    3.68
 -46268.014    39.765     0.38    3.45
 -45892.269    41.133     3.64    5.63
 -45516.528    43.368     5.95    7.79
 -45140.791    44.833     3.90    8.60
 -44765.057    45.793     2.56    8.18
 -44389.326    44.030    -4.69    6.73
 -44013.599    42.620    -3.75    5.43
 -43637.876    41.780    -2.24    5.02
 -43262.156    41.107    -1.79    5.78
 -42886.440    40.515    -1.58    5.86
 -42510.727    40.701     0.49    7.19
 -42135.018    38.389    -6.15    5.38
 -41759.313    37.772    -1.64    4.67
 -41383.611    37.364    -1.09    3.92
 -41007.913    37.867     1.34    3.31
 -40631.973    39.246     3.67    3.06
 -40255.563    38.570    -1.80    2.89
 -39879.157    37.682    -2.36    3.25
 -39502.755    36.441    -3.30    3.93
 -39126.356    35.543    -2.38    3.54
 -38749.960    36.754     3.22    6.33
 -38373.569    38.318     4.16    7.76
 -37997.180    38.620     0.80    7.00
 -37620.796    38.441    -0.48    6.66
 -37244.415    37.287    -3.07    5.43
 -36868.037    38.389     2.93    6.93
 -36491.663    38.376    -0.03    7.45
 -36115.293    39.175     2.12    8.81
 -35738.926    38.825    -0.93    8.86
 -35362.562    38.876     0.14    7.14
 -34986.202    39.056     0.48    7.71
 -34609.846    40.084     2.73    9.25
 -34233.493    40.678     1.58    9.76
 -33857.144    37.273    -9.05    8.82
 -33480.799    33.210   -10.80    5.43
 -33104.457    32.005    -3.20    4.10
 -32728.118    31.104    -2.39    3.78
 -32351.783    31.840     1.96    4.70
 -31975.451    32.868     2.73    6.15
 -31599.124    33.306     1.16    7.09
 -31222.799    32.979    -0.87    6.95
 -30846.478    32.441    -1.43    6.02
 -30470.161    31.723    -1.91    5.20
 -30093.847    31.988     0.70    7.54
 -29717.537    32.833     2.25    7.69
 -29341.230    31.671    -3.09    6.40
 -28964.927    29.876    -4.77    3.89
 -28588.627    29.953     0.20    3.83
 -28212.330    29.697    -0.68    3.69
 -27836.038    28.840    -2.28    3.45
 -27459.749    29.165     0.86    4.41
 -27083.463    29.949     2.08    4.12
 -26707.181    31.671     4.58    5.44
 -26330.902    33.193     4.04    7.23
 -25954.627    33.922     1.94    7.80
 -25578.355    36.518     6.90    8.39
 -25202.087    37.885     3.63    9.39
 -24825.822    37.833    -0.14    9.35
 -24449.561    38.254     1.12    9.19
 -24073.303    36.800    -3.86    8.85
 -23697.049    34.219    -6.86    7.54
 -23320.798    31.876    -6.23    7.15
 -22944.551    28.928    -7.84    6.39
 -22568.307    26.354    -6.84    5.21
 -22192.067    25.748    -1.61    4.56
 -21815.830    26.825     2.86    4.60
 -21439.597    28.571     4.64    4.48
 -21063.367    30.624     5.46    3.29
 -20687.141    31.192     1.51    3.62
 -20310.918    31.287     0.25    3.79
 -19934.699    30.993    -0.78    3.82
 -19558.483    29.732    -3.35    4.05
 -19182.270    29.068    -1.77    3.56
 -18806.061    27.648    -3.77    2.70
 -18429.856    26.333    -3.50    2.43
 -18053.654    25.464    -2.31    1.50
 -17677.455    25.312    -0.40    1.63
 -17301.260    25.723     1.09    2.22
 -16925.068    26.654     2.48    2.66
 -16548.880    26.671     0.05    2.98
 -16172.696    26.165    -1.35    3.35
 -15796.514    24.993    -3.11    3.43
 -15420.337    23.441    -4.13    2.30
 -15044.162    24.099     1.75    3.08
 -14667.991    26.732     7.00    5.00
 -14291.824    30.182     9.17    4.95
 -13915.660    32.438     6.00    4.04
 -13539.499    32.569     0.35    4.34
 -13163.342    31.678    -2.37    4.47
 -12787.188    30.843    -2.22    4.05
 -12411.038    29.594    -3.32    4.02
 -12034.891    27.912    -4.47    3.91
 -11658.748    27.122    -2.10    3.50
 -11282.608    25.953    -3.11    2.79
 -10906.472    25.723    -0.61    3.00
 -10530.339    25.488    -0.62    3.53
 -10154.209    24.851    -1.69    4.66
  -9778.083    24.460    -1.04    5.26
  -9401.960    25.693     3.28    5.70
  -9025.841    27.338     4.37    5.89
  -8649.725    29.657     6.17    5.57
  -8273.612    29.949     0.77    5.54
  -7897.503    30.922     2.59    5.73
  -7521.397    31.043     0.32    6.14
  -7145.295    31.902     2.28    5.81
  -6769.196    32.165     0.70    5.35
  -6393.101    33.568     3.73    4.55
  -6017.009    33.723     0.41    4.08
  -5640.920    34.096     0.99    4.06
  -5264.835    33.543    -1.47    4.34
  -4888.753    33.646     0.27    4.06
  -4512.675    33.235    -1.09    3.86
  -4136.600    31.765    -3.91    4.36
  -3760.528    29.184    -6.86    4.59
  -3384.460    27.293    -5.03    4.63
  -3008.395    24.543    -7.31    3.36
  -2632.334    21.492    -8.11    3.98
  -2256.276    18.029    -9.21    4.61
  -1880.221    16.084    -5.17    3.54
  -1504.170    14.219    -4.96    3.62
  -1128.122    11.543    -7.12    6.36
   -752.078     8.235    -8.80    7.87
   -376.037     3.960   -11.37    6.16
      0.001    -0.067   -10.71    2.90
    376.035     0.492     1.49    6.89
    752.066     5.648    13.71   11.35
   1128.094    12.381    17.90   13.36
   1504.118    22.254    26.26   11.76
   1880.139    27.030    12.70   10.16
   2256.156    32.876    15.55   10.73
   2632.171    36.184     8.80    8.84
   3008.181    42.071    15.66    8.35
   3384.189    43.748     4.46    8.87
   3760.193    46.851     8.25    8.18
   4136.193    50.857    10.66    8.50
   4512.191    53.570     7.21    8.83
   4888.184    55.759     5.82    7.61
   5264.175    54.833    -2.46    7.91
   5640.162    52.201    -7.00    7.55
   6016.146    50.154    -5.44    6.81
   6392.127    49.836    -0.85    6.62
   6768.104    48.312    -4.05    7.19
   7144.078    45.005    -8.80    9.49
   7520.048    38.949   -16.11   11.30
   7896.015    32.333   -17.60    8.56
   8271.979    30.082    -5.99    5.66
   8647.939    31.404     3.52    7.79
   9023.896    36.005    12.24    8.95
   9399.850    38.904     7.71    7.30
   9775.801    40.953     5.45    6.38
  10151.748    43.056     5.59    7.72
  10527.691    46.637     9.53    9.72
  10903.632    49.651     8.02    8.66
  11279.569    48.408    -3.31    9.61
  11655.503    47.280    -3.00    8.55
  12031.433    44.056    -8.58    5.93
  12407.360    43.057    -2.66    6.27
  12783.284    40.056    -7.98    7.68
  13159.205    35.082   -13.23    8.69
  13535.122    30.210   -12.96    8.34
  13911.036    24.678   -14.71    6.09
  14286.946    24.412    -0.71    6.74
  14662.853    25.876     3.90    7.03
  15038.757    29.765    10.35    5.82
  15414.658    31.851     5.55    6.28
  15790.555    31.876     0.07    7.45
  16166.449    32.201     0.86    8.79
  16542.340    32.107    -0.25    8.24
  16918.227    31.856    -0.67    6.52
  17294.111    32.462     1.61    5.10
  17669.992    35.491     8.06    5.51
  18045.870    40.597    13.59    7.26
  18421.744    44.005     9.07    6.79
  18797.615    46.435     6.47    5.23
  19173.482    47.082     1.72    4.80
  19549.347    45.620    -3.89    4.37
  19925.208    44.287    -3.55    5.05
  20301.066    42.732    -4.14    5.20
  20676.920    42.056    -1.80    6.12
  21052.771    41.671    -1.02    6.27
  21428.619    41.432    -0.64    5.96
  21804.464    38.235    -8.51    6.98
  22180.305    35.327    -7.74    7.75
  22556.143    31.675    -9.72    5.98
  22931.978    32.056     1.01    6.18
  23307.810    37.293    13.93    7.62
  23683.638    41.569    11.38    6.91
  24059.463    43.148     4.20    6.22
  24435.285    41.516    -4.34    8.06
  24811.103    37.646   -10.30    8.00
  25186.918    33.813   -10.20    6.15
  25562.730    32.697    -2.97    5.01
  25938.539    33.466     2.05    6.33
  26314.345    34.543     2.87    6.81
  26690.147    36.300     4.67    6.22
  27065.946    36.543     0.65    6.29
  27441.741    37.254     1.89    6.69
  27817.534    36.071    -3.15    5.82
  28193.323    37.096     2.73    6.18
  28569.109    39.786     7.16    6.68
  28944.892    39.648    -0.37    5.83
  29320.671    40.876     3.27    5.34
  29696.447    42.043     3.10    4.98
  30072.220    45.306     8.68    6.23
  30447.990    48.759     9.19    5.02
  30823.756    52.813    10.79    5.38
  31199.520    57.441    12.31    6.55
  31575.280    60.570     8.33    5.35
  31951.037    60.851     0.75    4.69
  32326.790    60.466    -1.02    5.44
  32702.541    57.697    -7.37    6.03
  33078.288    55.732    -5.23    5.43
  33454.032    55.235    -1.32    5.91
  33829.772    53.333    -5.06    6.54
  34205.510    52.432    -2.40    6.55
  34581.707    50.922    -4.02    6.18
  34958.080    50.165    -2.01    6.30
  35334.450    50.201     0.10    6.03
  35710.817    49.338    -2.29    5.73
  36087.180    49.449     0.30    6.08
  36463.541    50.017     1.51    6.80
  36839.898    50.754     1.96    7.47
  37216.251    50.570    -0.49    6.05
  37592.602    50.210    -0.96    5.93
  37968.949    50.138    -0.19    5.61
  38345.294    52.082     5.17    6.39
  38721.634    55.133     8.11    6.73
  39097.972    57.184     5.45    6.83
  39474.307    57.516     0.88    6.08
  39850.638    59.851     6.20    7.59
  40226.966    61.438     4.22    7.90
  40603.291    61.293    -0.38    8.06
  40979.613    63.516     5.91    7.21
  41355.931    63.597     0.22    6.91
  41732.247    64.949     3.59    7.86
  42108.559    67.107     5.74    7.71
  42484.868    67.293     0.49    6.20
  42861.173    69.543     5.98    6.60
  43237.476    74.953    14.38    8.76
  43613.775    80.516    14.78    8.44
  43990.072    82.697     5.80    7.33
  44366.365    83.381     1.82    8.57
  44742.654    80.466    -7.75    8.90
  45118.941    78.107    -6.27    8.58
  45495.224    78.096    -0.03    8.56
  45871.505    80.280     5.80    8.42
  46247.782    77.569    -7.21    7.23
  46624.056    75.876    -4.50    6.72
  47000.327    76.273     1.05    8.27
  47376.594    77.859     4.22    8.95
  47752.859    78.938     2.87    8.70
  48129.120    78.895    -0.12    9.46
  48505.378    77.408    -3.95    8.46
  48881.633    78.699     3.43    9.31
  49257.885    83.159    11.85    9.50
  49634.133    86.979    10.15    9.55
  50010.379    89.126     5.71    7.64
  50386.621    87.876    -3.32    9.36
  50762.860    86.210    -4.43   10.45
  51139.096    88.518     6.13   11.23
  51515.329    92.069     9.44   14.01
  51891.559    99.462    19.65   12.51
  52267.785   101.543     5.53   10.97
  52644.009   100.697    -2.25   12.11
  53020.229    97.519    -8.45   11.73
  53396.446    95.210    -6.14   13.18
  53772.660    91.385   -10.17   15.51
  54148.871    82.096   -24.69   14.78
  54525.079    79.057    -8.08   11.41
  54901.283    73.867   -13.79    7.87
  55277.485    72.600    -3.37    7.68
  55653.683    69.876    -7.24    8.66
  56029.878    65.133   -12.61    7.68
  56406.070    61.543    -9.54    9.16
  56782.259    57.133   -11.72    8.58
  57158.445    54.738    -6.37    7.62
  57534.628    55.697     2.55    9.53
  57910.808    61.723    16.02   16.41
  58286.984    67.435    15.19   16.80
  58663.157    69.754     6.16   15.38
  59039.328    66.441    -8.81   15.03
  59415.495    62.958    -9.26   12.93
  59791.659    63.976     2.71   13.26
  60167.820    65.800     4.85   13.08
  60543.977    67.096     3.45   11.42
  60920.132    65.895    -3.19   12.29
  61296.284    60.813   -13.51   10.40
  61672.432    59.457    -3.60   10.79
  62048.578    53.569   -15.66   10.01
  62424.720    50.318    -8.64    8.84
  62800.859    49.599    -1.91    9.89
  63176.995    56.492    18.33   15.48
  63553.128    63.376    18.30   15.44
  63929.258    67.312    10.46   13.17
  64305.385    68.492     3.14   13.43
  64681.509    67.201    -3.43   13.76
  65057.629    62.780   -11.75   13.44
  65433.747    58.620   -11.06   14.39
  65809.861    58.568    -0.14   13.72
  66185.973    57.732    -2.22   12.62
  66562.081    55.876    -4.93   12.48
  66938.186    56.227     0.93   12.69
  67314.288    57.138     2.42   12.37
  67690.387    58.219     2.87   12.58
  68066.484    55.265    -7.85   13.75
  68442.576    49.466   -15.42   12.00
  68818.666    44.268   -13.82   10.93
  69194.753    41.570    -7.17    9.83
  69570.837    41.210    -0.96    9.50
  69946.918    47.182    15.88   14.77
  70322.995    50.227     8.10   13.91
  70699.070    52.082     4.93   12.86
  71075.141    50.017    -5.49   12.90
  71451.210    44.833   -13.79   11.22
  71827.275    42.620    -5.88   10.33
  72203.338    39.218    -9.05   10.03
  72579.397    34.922   -11.43    8.04
  72955.453    32.068    -7.59    6.73
  73331.506    30.184    -5.01    6.96
  73707.556    27.821    -6.28    6.98
  74083.604    26.084    -4.62    7.36
  74459.648    26.071    -0.03    7.06
  74835.689    27.543     3.91    8.18
  75211.727    27.793     0.66    8.38
  75587.762    27.238    -1.48    9.47
  75963.794    23.818    -9.09   10.04
  76339.822    19.408   -11.73    8.08
  76715.848    18.727    -1.81    7.27
  77091.871    18.800     0.19    7.92
  77467.891    20.069     3.38    8.70
  77843.908    20.701     1.68    8.21
  78219.921    19.938    -2.03    6.97
  78595.932    18.143    -4.77    4.91
  78971.940    15.840    -6.12    5.23
  79347.945    14.143    -4.51    4.61
  79723.946    14.806     1.76    4.51
  80099.945    15.015     0.56    4.41
  80475.941    13.976    -2.77    4.60
  80851.933    12.765    -3.22    3.97
  81227.923    13.210     1.18    6.45
  81603.909    15.668     6.54    8.30
  81979.893    18.705     8.08   10.17
  82355.874    22.868    11.07   11.19
  82731.851    27.306    11.80   11.29
  83107.826    32.675    14.28   10.09
  83483.797    33.833     3.08    8.83
  83859.766    32.133    -4.52    8.26
  84235.732    28.678    -9.19    8.32
  84611.694    23.543   -13.66    7.19
  84987.654    17.993   -14.76    7.40
  85363.610    15.210    -7.40    5.81
  85739.564    14.843    -0.98    5.47
  86115.515    15.491     1.72    5.72
  86491.462    17.849     6.27    5.68
  86867.407    18.516     1.78    5.94
  87243.349    17.738    -2.07    6.23
  87619.287    17.030    -1.88    6.08
  87995.223    16.993    -0.10    6.71
  88371.156    17.219     0.60    7.27
  88747.086    17.893     1.79    6.49
  89123.013    19.806     5.09    6.34
  89498.936    24.096    11.41    8.96
  89874.857    28.306    11.20    7.45
  90250.775    29.876     4.18    7.32
  90626.690    25.885   -10.62    9.78
  91002.602    21.765   -10.96    7.96
  91378.511    22.415     1.73    8.53
  91754.417    21.895    -1.38    8.68
  92130.320    24.364     6.57    8.67
  92506.220    29.594    13.92    9.51
  92882.118    33.515    10.43    9.69
  93258.012    36.597     8.20    7.42
  93633.903    37.489     2.37    6.45
  94009.791    34.492    -7.97    7.54
  94385.677    31.718    -7.38    8.10
  94761.559    29.111    -6.94    8.43
  95137.439    26.693    -6.43    7.41
  95513.315    24.464    -5.93    7.93
  95889.189    24.727     0.70    7.53
  96265.059    25.949     3.25    7.92
  96640.927    28.287     6.22    7.22
  97016.792    29.780     3.97    7.65
  97392.654    29.154    -1.66   10.08
  97768.513    30.851     4.51    9.94
  98144.369    30.904     0.14    9.22
  98520.222    30.876    -0.07    8.51
  98896.072    33.518     7.03    7.81
  99271.919    36.516     7.98    7.52
  99647.763    40.327    10.14    6.46
 100023.605    42.030     4.53    7.34
 100399.443    44.184     5.73    6.92
 100775.279    46.018     4.88    5.58
 101151.111    46.759     1.97    6.48
 101526.941    46.261    -1.33    7.34
 101902.768    44.517    -4.64    8.46
 102278.592    43.596    -2.45    8.25
 102654.412    44.462     2.31    8.30
 103030.230    45.107     1.72    9.11
 103406.046    45.569     1.23   11.04
 103781.858    45.626     0.15   12.84
 104157.667    41.306   -11.50   12.78
 104533.474    37.043   -11.34   10.87
 104909.277    33.441    -9.59    8.10
 105285.078    29.800    -9.69    5.91
 105660.875    27.265    -6.74    5.99
 106036.670    25.705    -4.15    5.59
 106412.462    24.246    -3.88    5.64
 106788.251    23.017    -3.27    5.24
 107164.037    20.993    -5.39    5.60
 107539.821    19.111    -5.01    5.37
 107915.601    18.825    -0.76    5.38
 108291.379    17.201    -4.32    5.44
 108667.153    15.201    -5.32    6.38
 109042.925    13.624    -4.20    4.92
 109418.750    15.868     5.97    7.96
 109795.105    19.938    10.81    9.96
 110171.457    27.376    19.76   10.86
 110547.806    30.381     7.98    9.77
 110924.152    33.099     7.22    6.75
 111300.496    31.518    -4.20    6.85
 111676.836    28.389    -8.31    5.94
 112053.174    27.257    -3.01    5.52
 112429.508    26.219    -2.76    6.06
 112805.840    24.570    -4.38    7.98
 113182.169    22.895    -4.45    8.90
 113558.495    18.968   -10.43    9.40
 113934.818    16.165    -7.45    9.69
 114311.139    12.492    -9.76    9.64
 114687.456     9.876    -6.95    8.59
 115063.771     7.646    -5.93    7.49
 115440.083     5.976    -4.44    6.22
 115816.392     6.338     0.96    6.20
 116192.698     7.622     3.41    6.20
 116569.001    10.543     7.76    7.65
 116945.301    13.354     7.47    7.86
 117321.599    14.246     2.37    7.47
 117697.893    12.780    -3.90    7.51
 118074.185     9.466    -8.81    7.12
 118450.474     7.168    -6.11    6.59
 118826.760     6.201    -2.57    7.19
 119203.044     4.219    -5.27    6.12
 119579.324     2.381    -4.88    5.54
 119955.602     1.056    -3.52    5.43
 120331.877    -0.430    -3.95    5.06
 120708.148    -1.431    -2.66    5.31
 121084.418    -2.739    -3.48    5.74
 121460.684    -3.431    -1.84    5.34
 121836.947    -1.619     4.82    7.02
 122213.208     1.543     8.40    7.41
 122589.466     1.912     0.98    7.19
 122965.721     1.099    -2.16    7.70
 123341.973     1.300     0.53    6.84
 123718.222    -0.133    -3.81    6.06
 124094.469    -0.592    -1.22    5.63
 124470.712    -1.482    -2.37    6.08
 124846.953    -1.238     0.65    7.59
 125223.191    -1.252    -0.04    7.76
 125599.426    -2.200    -2.52    7.67
 125975.659    -5.124    -7.77    6.12
 126351.888    -6.559    -3.82    4.76
 126728.115    -7.673    -2.96    4.85
 127104.339    -9.406    -4.60    4.76
 127480.560   -10.636    -3.27    4.17
 127856.779   -11.983    -3.58    2.42
 128232.994   -11.904     0.21    2.76
 128609.207   -11.124     2.08    4.88
 128985.417    -8.790     6.20    7.83
 129361.624    -4.901    10.34   11.94
 129737.829    -5.214    -0.83   11.07
 130114.030    -2.536     7.12   11.96
 130490.229    -0.268     6.03   11.94
 130866.425     3.597    10.27   11.71
 131242.618     5.856     6.00   10.08
 131618.809     1.056   -12.76   10.94
 131994.997    -2.303    -8.93   10.51
 132371.182    -4.512    -5.87    9.27
 132747.364    -4.995    -1.28    8.55
 133123.543    -1.214    10.05    9.72
 133499.720     3.415    12.30    9.97
 133875.893     7.596    11.11    6.59
 134252.064     9.184     4.22    6.73
 134628.233     4.381   -12.77    9.72
 135004.398     0.210   -11.09   10.60
 135380.561    -0.682    -2.37   10.29
 135756.721     2.210     7.69    9.94
 136132.878     7.246    13.39    8.52
 136509.032     9.408     5.75    7.61
 136885.184     9.516     0.29    7.15
 137261.333     9.543     0.07    6.69
 137637.479     9.043    -1.33    8.00
 138013.623    12.492     9.17    8.28
 138389.763    15.723     8.59    8.75
 138765.901    17.515     4.77    8.96
 139142.036    19.979     6.55    7.63
 139518.169    19.273    -1.88    9.40
 139894.298    17.885    -3.69    9.31
 140270.425    16.017    -4.97    9.59
 140646.549    16.287     0.72    8.98
 141022.671    19.354     8.15    6.90
 141398.789    18.876    -1.27    6.61
 141774.905    15.243    -9.66    7.97
 142151.019     9.849   -14.34    7.21
 142527.129     8.622    -3.26    5.82
 142903.237     5.976    -7.04    6.13
 143279.342     6.354     1.01    6.80
 143655.444     6.840     1.29    7.51
 144031.544     4.829    -5.35    7.85
 144407.641     1.543    -8.74    7.17
 144783.735    -0.918    -6.54    7.60
 145159.826    -1.889    -2.58    8.38
 145535.915     0.518     6.40    8.80
 145912.001     3.435     7.76    7.31
 146288.084     2.964    -1.25    6.98
 146664.164     2.389    -1.53    6.82
 147040.242     1.312    -2.86    7.22
 147416.317    -0.214    -4.06    7.69
 147792.390     1.438     4.39    8.33
 148168.459     4.030     6.89    8.39
 148544.526     4.273     0.64    9.26
 148920.591     3.056    -3.24    9.82
 149296.652     0.976    -5.53    9.12
 149672.711     0.949    -0.07    8.44
 150048.767     1.003     0.14    7.29
 150424.821    -0.540    -4.10    6.73
 150800.872    -3.765    -8.57    6.04
 151176.920    -4.932    -3.10    5.47
 151552.965    -5.401    -1.25    4.96
 151929.008    -6.457    -2.81    5.07
 152305.048    -8.667    -5.88    6.15
 152681.085   -15.021   -16.90   10.31
 153057.120   -24.200   -24.41   12.12
 153433.152   -30.944   -17.93   10.06
 153809.181   -37.151   -16.51    5.39
 154185.208   -39.273    -5.64    0.51
 154561.231   -39.380    -0.29    0.27
 154937.253   -39.429    -0.13    0.17
 155313.271   -39.380     0.13    0.27
 155689.287   -39.404    -0.06    0.23
 156065.300   -39.403     0.00    0.23
 156441.311   -39.403     0.00    0.23
 156817.319   -39.429    -0.07    0.17
 157193.324   -37.841     4.22    3.57
 157569.327   -35.582     6.01    4.99
 157945.327   -33.376     5.87    5.53
 158321.324   -29.932     9.16    5.32
 158697.318   -27.088     7.56    4.36
 159073.310   -24.431     7.07    5.35
 159449.300   -20.889     9.42    5.44
 159825.286   -20.534     0.95    5.05
 160201.270   -20.651    -0.31    4.46
 160577.251   -20.619     0.09    4.39
 160953.230   -20.431     0.50    4.98
 161329.206   -18.143     6.09    4.96
 161705.179   -17.867     0.73    5.56
 162081.150   -17.457     1.09    5.95
 162457.118   -18.511    -2.80    4.65
 162833.084   -19.349    -2.23    4.18
 163209.047   -19.024     0.86    4.34
 163585.007   -17.124     5.06    6.37
 163960.964   -13.823     8.78    7.86
 164336.919   -10.430     9.02    7.46
 164712.871   -11.252    -2.19    6.76
 165088.821   -14.088    -7.55    7.04
 165464.768   -17.641    -9.45    5.33
 165840.712   -20.051    -6.41    2.42
 166216.654   -20.082    -0.08    2.03
 166592.593   -19.322     2.02    2.28
 166968.530   -18.700     1.65    2.88
 167344.464   -18.194     1.35    3.23
 167720.395   -17.985     0.56    4.58
 168096.324   -17.021     2.56    5.38
 168472.250   -15.175     4.91    5.97
 168848.173   -12.540     7.01    5.70
 169224.094   -11.754     2.09    5.48
 169600.012   -13.754    -5.32    6.26
 169975.928   -15.536    -4.74    5.51
 170351.841   -16.482    -2.52    5.34
 170727.751   -16.133     0.93    5.78
 171103.659   -14.226     5.07    5.75
 171479.564   -12.194     5.41    6.03
 171855.467   -11.509     1.82    5.92
 172231.367    -9.754     4.67    5.95
 172607.265    -9.082     1.79    7.01
 172983.159    -6.825     6.00    6.93
 173359.052    -3.241     9.54    6.84
 173734.941    -0.051     8.48    7.31
 174110.828     5.686    15.26    6.93
 174486.713     8.133     6.51    6.39
 174862.595    11.569     9.14    6.36
 175238.474    13.229     4.42    7.30
 175614.351    15.786     6.80    9.09
 175990.225    15.219    -1.51    9.27
 176366.097    14.201    -2.71    9.33
 176741.966    15.693     3.97   10.90
 177117.832    16.057     0.97    9.94
 177493.696    19.438     9.00    9.20
 177869.557    22.017     6.86    8.80
 178245.416    23.441     3.79    7.74
 178621.272    25.327     5.02    8.79
 178997.126    27.293     5.23    9.31
 179372.977    30.464     8.44    9.57
 179748.825    31.084     1.65    9.49
 180124.671    27.516    -9.49   11.35
 180500.514    22.932   -12.20   12.57
 180876.355    19.107   -10.18    9.62
 181252.193    16.748    -6.28    7.46
 181628.029    17.071     0.86    6.27
 182003.862    18.622     4.13    5.28
 182379.693    18.732     0.29    5.04
 182755.521    17.624    -2.95    6.90
 183131.346    15.393    -5.94    8.46
 183507.169    12.003    -9.02    7.84
 183882.990    13.175     3.12    9.15
 184258.807    16.438     8.68   10.07
 184634.862    17.093     1.74   10.47
 185011.183    16.597    -1.32   11.22
 185387.501    17.397     2.12   13.30
 185763.817    15.518    -4.99   13.46
 186140.131    16.597     2.87   13.84
 186516.442    14.597    -5.31   13.86
 186892.750     7.084   -19.97   10.54
 187269.056     3.953    -8.32    8.43
 187645.360     4.107     0.41    8.14
 188021.661     5.886     4.73    8.53
 188397.959     7.774     5.02    8.14
 188774.255    10.991     8.55    7.42
 189150.548    12.821     4.86    7.27
 189526.839    16.210     9.01    8.83
 189903.127    18.148     5.15    7.66
 190279.413    19.943     4.77    6.77
 190655.696    21.582     4.35    6.26
