-152872.138    12.080     0.00    5.20
-152496.163    14.173     5.57    2.12
-152120.187    16.658     6.61    6.14
-151744.209    20.599    10.48    8.50
-151368.228    23.011     6.42    8.82
-150992.246    25.443     6.47    7.71
-150616.262    27.902     6.54    6.80
-150240.275    28.956     2.80    6.58
-149864.287    30.112     3.07    5.84
-149488.296    28.902    -3.22    5.89
-149112.304    23.291   -14.92   10.76
-148736.310    18.983   -11.46   12.32
-148360.313    15.794    -8.48   12.98
-147984.315    14.624    -3.11   12.77
-147608.314    16.112     3.96   12.09
-147232.312    16.615     1.34    9.87
-146856.307    18.122     4.01    6.71
-146480.300    20.573     6.52    5.89
-146104.292    22.335     4.68    5.88
-145728.281    21.983    -0.93    7.65
-145352.268    20.188    -4.77    9.61
-144976.254    15.469   -12.55   12.51
-144600.237    11.227   -11.28   13.64
-144224.218     4.605   -17.61   11.85
-143848.197     0.740   -10.28    7.39
-143472.174     2.137     3.72    7.93
-143096.149     2.706     1.51    8.52
-142720.122     6.764    10.79    8.27
-142344.093    11.137    11.63   10.56
-141968.062    16.632    14.61   11.54
-141592.029    21.589    13.18   12.27
-141215.993    25.483    10.36   10.53
-140839.956    27.676     5.83    8.92
-140463.917    29.067     3.70   11.23
-140087.875    29.881     2.16   12.35
-139711.832    34.122    11.28   12.04
-139335.786    34.727     1.61   10.54
-138959.738    35.112     1.02    8.79
-138583.689    34.165    -2.52    8.40
-138207.637    36.632     6.56    7.34
-137831.583    40.010     8.98    8.53
-137455.527    43.799    10.07    8.64
-137079.469    44.062     0.70    8.71
-136703.409    41.067    -7.97   12.32
-136327.347    39.624    -3.84   12.56
-135951.283    35.112   -12.00   10.75
-135575.216    32.010    -8.25   13.07
-135199.148    27.605   -11.71   13.77
-134823.077    23.983    -9.63   11.77
-134447.005    26.932     7.84   13.41
-134070.930    30.233     8.78   11.51
-133694.853    26.419   -10.14   11.98
-133318.775    22.233   -11.13    9.83
-132942.694    20.547    -4.48    8.68
-132566.611    22.573     5.39   10.43
-132190.525    26.921    11.56   10.26
-131814.438    29.668     7.30   11.10
-131438.349    34.848    13.77   12.66
-131062.257    38.037     8.48   12.28
-130686.164    37.240    -2.12   10.63
-130310.068    38.821     4.20   10.59
-129933.970    38.419    -1.07   12.07
-129557.871    39.214     2.11   11.96
-129181.769    36.956    -6.00   13.66
-128805.664    31.389   -14.80   11.61
-128429.558    30.060    -3.53   10.72
-128053.450    31.676     4.29   10.05
-127677.339    36.227    12.10    8.78
-127301.227    40.317    10.87    8.12
-126925.112    43.200     7.66    7.78
-126548.995    44.659     3.88    9.55
-126172.876    45.694     2.75    9.32
-125796.755    45.265    -1.14    8.00
-125420.632    46.317     2.80    8.89
-125044.507    44.650    -4.43   10.02
-124668.379    39.872   -12.70   11.37
-124292.250    34.881   -13.27   12.68
-123916.118    33.875    -2.67   11.44
-123539.984    32.265    -4.28   10.17
-123163.848    33.168     2.40    9.83
-122787.710    33.308     0.37   10.19
-122411.570    31.141    -5.76    9.71
-122035.427    32.573     3.81    8.73
-121659.283    31.650    -2.45    6.69
-121283.136    31.844     0.52    5.65
-120906.987    30.378    -3.90    4.56
-120530.836    29.615    -2.03    6.64
-120154.683    28.308    -3.48    7.61
-119778.527    27.578    -1.94    7.81
-119402.370    27.650     0.19    8.13
-119026.210    27.624    -0.07    6.31
-118650.048    28.137     1.36    5.14
-118273.884    30.067     5.13    5.24
-117897.718    34.317    11.30    6.50
-117521.550    38.178    10.26    6.29
-117145.379    39.676     3.98    6.55
-116769.207    42.668     7.95    6.85
-116393.032    42.010    -1.75    7.68
-116016.855    40.902    -2.94    8.02
-115640.676    40.881    -0.06    7.84
-115264.494    42.374     3.97    8.12
-114888.311    41.767    -1.61    8.12
-114512.125    38.240    -9.38    8.72
-114135.937    34.281   -10.52   10.66
-113759.747    29.794   -11.93    9.11
-113383.555    26.578    -8.55    5.70
-113007.361    26.783     0.55    7.14
-112631.164    27.394     1.62    7.75
-112254.965    32.983    14.86   10.55
-111878.764    36.713     9.91   10.51
-111502.561    41.676    13.19    9.45
-111126.356    42.928     3.33    8.91
-110750.148    41.431    -3.98    8.47
-110373.938    42.573     3.04    9.24
-109997.726    42.694     0.32    9.46
-109621.512    44.713     5.37   11.96
-109245.296    51.799    18.83   13.85
-108869.077    53.683     5.01   13.11
-108492.856    51.335    -6.24   13.27
-108116.633    45.758   -14.82   14.13
-107740.408    39.825   -15.77   10.30
-107364.181    36.010   -10.14    9.21
-106987.951    36.956     2.51   10.91
-106611.719    43.122    16.39   15.22
-106235.485    44.727     4.27   18.40
-105859.249    44.808     0.22   19.75
-105483.010    47.983     8.44   19.17
-105106.769    45.658    -6.18   18.88
-104730.526    43.641    -5.36   17.95
-104354.281    38.562   -13.50   17.80
-103978.034    32.668   -15.67   13.71
-103601.784    29.368    -8.77    9.46
-103225.532    31.794     6.45   13.09
-102849.278    37.900    16.23   13.68
-102473.022    39.035     3.02   12.30
-102096.763    38.706    -0.87   11.88
-101720.502    41.471     7.35   13.86
-101344.239    42.214     1.98   12.86
-100967.974    42.011    -0.54   11.41
-100591.707    41.551    -1.22    9.96
-100215.437    42.233     1.81    8.96
 -99839.165    43.727     3.97    8.95
 -99462.891    44.624     2.39    9.03
 -99086.614    46.794     5.77    9.33
 -98710.335    50.683    10.34   12.88
 -98334.054    57.291    17.56   14.91
 -97957.771    63.720    17.09   15.17
 -97581.485    65.281     4.15   16.47
 -97205.198    65.932     1.73   16.38
 -96828.907    65.983     0.14   15.89
 -96452.615    69.928    10.48   18.25
 -96076.321    73.829    10.37   19.56
 -95700.255    77.539     9.86   18.88
 -95324.414    81.958    11.76   17.89
 -94948.571    83.188     3.27   15.10
 -94572.725    82.101    -2.89   10.89
 -94196.877    75.443   -17.71   13.27
 -93821.027    71.686   -10.00   10.82
 -93445.175    71.416    -0.72   12.09
 -93069.320    78.258    18.21   15.10
 -92693.463    82.443    11.13   14.06
 -92317.604    84.599     5.74   11.81
 -91941.743    80.240   -11.60   12.59
 -91565.879    73.852   -17.00   10.56
 -91190.013    67.281   -17.48    8.00
 -90814.145    64.368    -7.75    7.77
 -90438.274    63.957    -1.09    9.93
 -90062.401    62.150    -4.81   10.99
 -89686.526    59.773    -6.32   11.43
 -89310.649    58.817    -2.54   11.46
 -88934.769    62.141     8.84   15.38
 -88558.887    70.317    21.75   15.85
 -88183.002    73.640     8.84   14.22
 -87807.116    67.956   -15.12   15.89
 -87431.227    60.524   -19.77   13.30
 -87055.336    57.064    -9.20    9.48
 -86679.442    58.906     4.90   10.75
 -86303.546    60.713     4.81   13.62
 -85927.648    68.599    20.98   16.74
 -85551.748    76.496    21.01   16.49
 -85175.845    79.753     8.66   13.72
 -84799.940    82.416     7.08   13.20
 -84424.033    81.508    -2.41   13.30
 -84048.123    80.220    -3.43   12.63
 -83672.211    78.178    -5.43   15.18
 -83296.297    70.227   -21.15   16.75
 -82920.380    59.372   -28.87   14.66
 -82544.461    54.562   -12.79   10.93
 -82168.540    53.060    -4.00   11.87
 -81792.616    54.077     2.70   13.33
 -81416.690    54.957     2.34   11.85
 -81040.762    58.615     9.73    9.34
 -80664.831    57.789    -2.20    7.73
 -80288.899    50.342   -19.81   12.84
 -79912.963    43.254   -18.86   11.85
 -79537.026    42.112    -3.04   10.86
 -79161.086    44.009     5.05   12.60
 -78785.144    47.573     9.48   11.46
 -78409.199    48.470     2.39    9.44
 -78033.252    46.317    -5.73    7.37
 -77657.303    44.983    -3.55    5.42
 -77281.351    46.511     4.06    4.73
 -76905.397    49.227     7.22    4.86
 -76529.441    51.767     6.76    4.94
 -76153.482    52.118     0.93    5.11
 -75777.521    52.188     0.19    5.62
 -75401.558    50.630    -4.14    6.72
 -75025.592    46.214   -11.75    8.39
 -74649.624    40.325   -15.66    5.75
 -74273.654    36.956    -8.96    5.53
 -73897.681    36.906    -0.13    6.93
 -73521.706    38.145     3.30    8.26
 -73145.728    37.137    -2.68    7.16
 -72769.749    36.378    -2.02    6.89
 -72393.766    33.291    -8.21    7.07
 -72017.782    31.524    -4.70    6.16
 -71641.795    32.035     1.36    6.64
 -71265.805    32.658     1.66    6.11
 -70889.814    31.344    -3.49    6.35
 -70513.820    29.254    -5.56    6.69
 -70137.823    28.713    -1.44    7.50
 -69761.824    32.416     9.85    9.70
 -69385.823    39.536    18.94   13.35
 -69009.819    44.583    13.42   12.37
 -68633.813    48.408    10.17   11.03
 -68257.805    49.746     3.56    9.49
 -67881.794    48.227    -4.04    8.82
 -67505.781    48.086    -0.37    7.34
 -67129.766    47.431    -1.74    6.09
 -66753.748    48.983     4.13    6.07
 -66377.727    52.089     8.26    7.78
 -66001.705    55.522     9.13    9.10
 -65625.679    57.227     4.53    9.38
 -65249.652    55.906    -3.51   11.02
 -64873.622    49.383   -17.35   12.21
 -64497.590    44.383   -13.30    9.85
 -64121.555    43.200    -3.15    7.69
 -63745.518    44.902     4.53    7.50
 -63369.478    49.389    11.93    8.47
 -62993.436    53.686    11.43    6.94
 -62617.392    56.126     6.49    6.45
 -62241.345    54.508    -4.30    7.31
 -61865.296    49.904   -12.24    8.35
 -61489.244    45.173   -12.58    7.43
 -61113.190    42.522    -7.05    6.16
 -60737.134    42.957     1.16    7.50
 -60361.075    44.317     3.62    7.96
 -59985.014    44.875     1.49    7.77
 -59608.950    43.240    -4.35    6.83
 -59232.884    42.594    -1.72    5.73
 -58856.815    42.214    -1.01    6.72
 -58480.744    41.833    -1.01    7.32
 -58104.671    39.955    -5.00    7.38
 -57728.595    37.875    -5.53    6.32
 -57352.517    35.983    -5.03    4.68
 -56976.436    37.064     2.87    6.17
 -56600.353    41.551    11.93    8.72
 -56224.267    45.956    11.71    8.73
 -55848.179    47.291     3.55    7.38
 -55472.088    46.599    -1.84    7.40
 -55095.995    42.694   -10.38    5.82
 -54719.900    41.273    -3.78    4.81
 -54343.802    40.471    -2.13    4.52
 -53967.702    40.009    -1.23    3.97
 -53591.599    39.524    -1.29    4.04
 -53215.494    36.983    -6.75    4.02
 -52839.386    35.344    -4.36    3.98
 -52463.276    33.720    -4.32    3.24
 -52087.164    32.141    -4.20    2.67
 -51711.048    31.452    -1.83    2.14
 -51334.931    31.855     1.07    2.58
 -50958.811    32.686     2.21    2.58
 -50582.689    32.740     0.14    2.64
 -50206.564    31.794    -2.51    2.57
 -49830.436    31.594    -0.53    2.64
 -49454.306    32.825     3.27    3.61
 -49078.174    34.240     3.76    3.48
 -48702.039    34.118    -0.32    3.71
 -48325.902    32.676    -3.84    4.66
 -47949.762    31.419    -3.34    4.10
 -47573.620    31.932     1.36    4.54
 -47197.475    33.848     5.09    4.69
 -46821.328    36.188     6.22    3.94
 -46445.178    37.713     4.05    3.88
 -46069.026    37.875     0.43    3.84
 -45692.871    36.746    -3.00    3.90
 -45316.714    35.608    -3.03    4.64
 -44940.555    35.240    -0.98    4.53
 -44564.392    35.141    -0.26    4.86
 -44188.228    34.848    -0.78    4.83
 -43812.061    33.389    -3.88    5.07
 -43435.891    32.261    -3.00    4.48
 -43059.719    32.194    -0.18    4.29
 -42683.544    34.496     6.12    4.95
 -42307.367    37.578     8.19    5.08
 -41931.187    40.778     8.51    6.87
 -41555.005    45.624    12.88    8.76
 -41178.820    51.240    14.93    9.33
 -40802.633    54.821     9.52    8.01
 -40426.443    53.183    -4.35    9.26
 -40050.251    48.605   -12.17    9.17
 -39674.057    43.551   -13.43    6.75
 -39297.859    39.713   -10.20    5.65
 -38921.659    38.669    -2.78    4.40
 -38545.457    40.624     5.20    5.15
 -38169.252    46.522    15.68   10.16
 -37793.045    54.622    21.53   13.96
 -37416.835    61.010    16.98   11.80
 -37040.623    65.289    11.37    9.59
 -36664.408    66.825     4.08    9.57
 -36288.190    64.368    -6.53    9.45
 -35911.970    64.037    -0.88    9.25
 -35535.748    63.352    -1.82    7.55
 -35159.523    62.536    -2.17    6.93
 -34783.295    64.342     4.80    7.16
 -34407.065    65.821     3.93    7.36
 -34030.832    67.683     4.95    7.27
 -33654.597    70.641     7.86    7.33
 -33278.359    71.254     1.63    6.38
 -32902.119    72.983     4.60    6.33
 -32525.876    73.122     0.37    7.66
 -32149.630    69.240   -10.32    9.46
 -31773.382    64.188   -13.43   10.89
 -31397.132    59.817   -11.62   10.98
 -31020.879    56.325    -9.28    8.87
 -30644.623    54.524    -4.79    5.57
 -30268.365    55.875     3.59    6.05
 -29892.104    57.283     3.74    4.93
 -29515.840    57.064    -0.58    4.92
 -29139.575    54.510    -6.79    6.25
 -28763.306    51.431    -8.18    6.06
 -28387.035    48.283    -8.36    6.82
 -28010.761    45.389    -7.69    8.31
 -27634.485    43.458    -5.13    8.41
 -27258.206    40.214    -8.62    6.94
 -26881.925    39.122    -2.90    7.53
 -26505.641    39.037    -0.23    6.59
 -26129.354    37.929    -2.94    6.11
 -25753.065    36.852    -2.86    4.77
 -25376.774    36.137    -1.90    5.13
 -25000.479    35.456    -1.81    5.65
 -24624.183    36.342     2.36    7.52
 -24247.883    34.746    -4.24    7.94
 -23871.581    35.817     2.84    7.77
 -23495.276    36.624     2.15    7.07
 -23118.969    40.299     9.77    8.69
 -22742.659    44.368    10.81    8.67
 -22366.347    43.904    -1.23    9.30
 -21990.032    41.394    -6.67   11.34
 -21613.714    36.062   -14.17   11.14
 -21237.394    31.753   -11.45    8.38
 -20861.071    28.009    -9.95    6.38
 -20485.211    26.039    -5.24    5.04
 -20109.406    25.145    -2.38    4.42
 -19733.598    23.713    -3.81    3.51
 -19357.788    22.064    -4.39    3.28
 -18981.975    20.701    -3.63    3.18
 -18606.160    19.622    -2.87    3.33
 -18230.342    18.342    -3.41    2.56
 -17854.521    16.852    -3.97    2.61
 -17478.698    15.875    -2.60    2.64
 -17102.872    15.188    -1.83    3.80
 -16727.044    15.163    -0.07    4.48
 -16351.212    13.589    -4.19    4.06
 -15975.379    13.254    -0.89    3.80
 -15599.542    12.471    -2.08    3.52
 -15223.703    13.659     3.16    4.35
 -14847.862    14.060     1.07    4.17
 -14472.018    14.583     1.39    3.75
 -14096.171    14.126    -1.22    3.70
 -13720.321    13.037    -2.90    2.93
 -13344.469    12.983    -0.14    2.91
 -12968.614    12.227    -2.01    3.17
 -12592.757    11.089    -3.03    3.06
 -12216.897     9.983    -2.94    2.52
 -11841.034     8.833    -3.06    2.46
 -11465.169     9.804     2.58    4.14
 -11089.301    10.794     2.63    4.58
 -10713.431    11.112     0.84    4.66
 -10337.557    10.668    -1.18    4.31
  -9961.681     8.983    -4.48    3.59
  -9585.803     7.844    -3.03    2.24
  -9209.922     6.753    -2.90    2.59
  -8834.038     5.848    -2.41    2.56
  -8458.151     5.573    -0.73    2.30
  -8082.262     5.727     0.41    2.58
  -7706.371     6.383     1.75    2.42
  -7330.476     6.551     0.45    2.93
  -6954.579     7.416     2.30    3.56
  -6578.679     7.799     1.02    3.62
  -6202.777     7.906     0.29    3.26
  -5826.872     7.789    -0.31    2.72
  -5450.964     7.886     0.26    2.90
  -5075.053     7.650    -0.63    3.01
  -4699.140     7.335    -0.84    3.16
  -4323.225     7.848     1.37    3.85
  -3947.306     7.694    -0.41    3.78
  -3571.385     7.086    -1.62    4.17
  -3195.461     7.428     0.91    4.98
  -2819.535     7.829     1.07    5.19
  -2443.605     8.261     1.15    4.68
  -2067.674     7.035    -3.26    4.63
  -1691.739     5.496    -4.09    4.68
  -1315.802     3.256    -5.96    3.77
   -939.862     2.740    -1.37    3.19
   -563.919     1.443    -3.45    2.96
   -187.974     0.720    -1.92    2.80
    187.974     1.431     1.89    7.35
    563.925     5.539    10.93   12.74
    939.878    17.881    32.83   20.06
   1315.834    29.419    30.69   20.20
   1691.793    33.188    10.03   16.49
   2067.754    35.010     4.85   13.86
   2443.719    34.510    -1.33   12.57
   2819.686    27.445   -18.79   16.55
   3195.655    20.400   -18.74   17.32
   3571.628    10.983   -25.05   11.21
   3947.603     5.317   -15.07    3.81
   4323.580     5.352     0.09    3.98
   4699.561     6.701     3.59    4.20
   5075.544     7.983     3.41    3.57
   5451.530     8.983     2.66    3.65
   5827.518    10.957     5.25    4.17
   6203.510    12.794     4.89    5.56
   6579.504    16.958    11.07    6.18
   6955.501    21.281    11.50    5.17
   7331.500    24.368     8.21    3.86
   7707.502    23.778    -1.57    6.15
   8083.507    21.163    -6.96    7.98
   8459.515    16.686   -11.91    9.14
   8835.526    13.419    -8.69    7.51
   9211.539    11.829    -4.23    5.54
   9587.555    13.789     5.21    6.05
   9963.573    18.573    12.72    7.45
  10339.595    24.308    15.25    6.24
  10715.619    28.246    10.47    5.55
  11091.646    31.753     9.32    6.22
  11467.675    35.390     9.67    7.63
  11843.708    36.368     2.60    9.44
  12219.743    36.060    -0.82   11.24
  12595.781    32.362    -9.84   15.05
  12971.821    24.060   -22.08   14.51
  13347.865    19.064   -13.29   14.49
  13723.911    15.188   -10.31    9.92
  14099.960    14.778    -1.09    8.56
  14476.011    19.010    11.25   12.98
  14852.066    22.931    10.43   14.29
  15228.123    24.291     3.62   16.79
  15604.183    19.599   -12.48   14.96
  15980.246    16.511    -8.21   12.78
  16356.311    16.510    -0.00    9.56
  16732.380    18.794     6.07    9.61
  17108.451    22.524     9.92   10.05
  17484.524    25.624     8.24   10.10
  17860.601    27.046     3.78    9.96
  18236.680    31.291    11.29   14.59
  18612.762    38.342    18.75   18.03
  18988.847    43.372    13.37   19.05
  19364.935    42.471    -2.40   18.90
  19741.026    38.227   -11.28   15.47
  20117.119    33.112   -13.60   12.92
  20493.215    24.881   -21.88   11.75
  20869.314    22.720    -5.74   11.56
  21245.415    20.904    -4.83   11.14
  21621.520    23.240     6.21   13.82
  21997.627    28.833    14.87   15.02
  22373.737    33.308    11.90   14.78
  22749.850    32.641    -1.77   13.87
  23125.966    30.562    -5.53   10.25
  23502.084    30.551    -0.03    9.90
  23878.205    36.037    14.59   12.38
  24254.329    42.559    17.34   11.31
  24630.456    47.035    11.90    8.43
  25006.586    49.881     7.57    9.07
  25382.718    53.094     8.54    8.49
  25758.854    53.086    -0.02    9.79
  26134.992    53.740     1.74   11.78
  26511.133    53.701    -0.10   13.62
  26887.276    51.010    -7.16   14.13
  27263.423    51.240     0.61   15.34
  27639.572    50.524    -1.90   16.03
  28015.725    48.727    -4.78   16.32
  28391.880    45.300    -9.11   16.62
  28768.037    39.983   -14.14   15.84
  29144.198    37.510    -6.58   11.04
  29520.362    36.694    -2.17    7.84
  29896.528    35.659    -2.75    5.41
  30272.697    34.713    -2.51    5.26
  30648.869    32.812    -5.05    7.70
  31025.044    27.188   -14.95    7.93
  31401.222    25.060    -5.66    6.40
  31777.402    26.011     2.53    7.08
  32153.586    32.342    16.83    9.50
  32529.772    39.983    20.31    9.70
  32905.961    46.746    17.98   10.14
  33282.153    49.445     7.17   10.44
  33658.348    49.299    -0.39   11.39
  34034.545    45.794    -9.32   13.97
  34410.746    40.983   -12.79   12.86
  34786.949    39.108    -4.98    9.85
  35163.155    37.983    -2.99    7.43
  35539.364    37.958    -0.07    6.88
  35915.576    40.956     7.97    8.01
  36291.791    44.145     8.48    7.23
  36668.009    46.713     6.82    6.90
  37044.229    48.955     5.96    6.80
  37420.452    48.333    -1.65    6.93
  37796.679    46.233    -5.58    7.46
  38172.908    44.362    -4.97    7.34
  38549.140    40.163   -11.16    6.94
  38925.375    37.706    -6.53    5.34
  39301.612    38.536     2.21    7.66
  39677.853    40.240     4.53   11.54
  40054.096    43.773     9.39   13.83
  40430.343    41.362    -6.41    9.71
  40806.592    38.445    -7.75    8.93
  41182.844    34.083   -11.59    8.20
  41559.099    30.389    -9.82    6.83
  41935.357    27.408    -7.92    5.96
  42311.618    24.746    -7.07    5.16
  42687.881    22.740    -5.33    4.96
  43064.148    22.713    -0.07    4.81
  43440.418    21.956    -2.01    4.11
  43816.690    23.547     4.23    4.42
  44192.965    25.883     6.21    4.16
  44569.243    27.929     5.44    5.67
  44945.524    30.508     6.85    5.74
  45321.808    33.878     8.96    5.82
  45698.095    35.773     5.04    5.33
  46074.385    40.036    11.33    8.52
  46450.678    41.668     4.34    9.33
  46826.973    41.254    -1.10    8.54
  47203.272    43.497     5.96    8.82
  47579.573    44.383     2.36    9.68
  47955.878    46.122     4.62   12.70
  48332.185    47.508     3.68   12.47
  48708.495    48.694     3.15   12.01
  49084.808    45.539    -8.38   11.64
  49461.124    45.064    -1.26   10.02
  49837.443    44.567    -1.32    7.72
  50213.765    47.240     7.10    8.42
  50590.090    48.483     3.30    8.10
  50966.418    45.902    -6.86    8.33
  51342.748    42.583    -8.82    8.89
  51719.082    38.035   -12.09    7.66
  52095.419    37.746    -0.77    6.95
  52471.758    37.510    -0.63    8.03
  52848.100    36.599    -2.42    8.17
  53224.446    36.036    -1.50    8.02
  53600.794    33.706    -6.19    4.70
  53977.145    35.958     5.98    6.27
  54353.335    43.686    20.54   12.02
  54729.096    48.633    13.17   11.98
  55104.861    53.060    11.78    9.87
  55480.628    57.498    11.81    7.98
  55856.398    57.632     0.36    7.87
  56232.172    54.416    -8.56    7.57
  56607.948    53.483    -2.48    7.15
  56983.727    53.112    -0.99    7.90
  57359.509    52.767    -0.92    8.72
  57735.295    53.683     2.44    8.64
  58111.083    53.932     0.66    9.46
  58486.874    57.246     8.82   11.87
  58862.668    61.352    10.92   11.86
  59238.465    61.983     1.68   12.61
  59614.265    63.983     5.32   12.89
  59990.067    63.539    -1.18   12.23
  60365.873    59.650   -10.35   11.49
  60741.682    59.511    -0.37   10.76
  61117.494    56.983    -6.73   10.47
  61493.309    55.753    -3.27    8.90
  61869.126    58.400     7.04   10.77
  62244.947    62.632    11.26   12.73
  62620.771    67.767    13.66   11.28
  62996.597    72.404    12.34   11.66
  63372.427    72.112    -0.78   12.74
  63748.259    70.713    -3.72   14.00
  64124.095    66.383   -11.52   16.07
  64499.934    58.317   -21.46   16.56
  64875.775    51.089   -19.23   16.39
  65251.620    43.713   -19.62   11.69
  65627.467    44.522     2.15   10.67
  66003.318    49.404    12.99   10.87
  66379.171    55.206    15.43    8.81
  66755.028    54.701    -1.34    7.86
  67130.887    52.761    -5.16    8.28
  67506.750    51.188    -4.18    8.73
  67882.615    52.112     2.46    9.84
  68258.484    54.298     5.82    9.98
  68634.355    52.037    -6.01   12.29
  69010.230    46.335   -15.17   13.97
  69386.107    41.605   -12.58   13.70
  69761.988    36.858   -12.63    8.97
  70137.871    36.281    -1.54    5.82
  70513.758    38.471     5.83    6.46
  70889.647    40.624     5.73    6.75
  71265.540    40.694     0.18    8.06
  71641.436    39.848    -2.25    8.95
  72017.334    39.599    -0.66    8.96
  72393.236    37.641    -5.21    7.81
  72769.141    36.817    -2.19    6.37
  73145.048    36.825     0.02    4.64
  73520.959    36.511    -0.84    4.55
  73896.873    37.368     2.28    5.79
  74272.789    35.188    -5.80    4.69
  74648.709    33.777    -3.75    3.62
  75024.632    32.956    -2.18    2.78
  75400.558    33.605     1.73    2.95
  75776.487    34.686     2.88    4.20
  76152.419    35.983     3.45    3.76
  76528.354    35.821    -0.43    3.29
  76904.292    35.701    -0.32    3.47
  77280.233    35.676    -0.07    3.51
  77656.177    35.958     0.75    3.27
  78032.124    36.713     2.01    3.21
  78408.074    38.419     4.54    5.11
  78784.027    39.852     3.81    7.29
  79159.984    41.372     4.04    8.54
  79535.943    42.416     2.78   11.86
  79911.906    40.956    -3.88   11.61
  80287.871    39.983    -2.59    6.27
  80663.840    42.060     5.52    7.94
  81039.811    42.438     1.00    7.77
  81415.786    41.578    -2.29    6.95
  81791.764    41.821     0.65    6.64
  82167.744    42.145     0.86    4.80
  82543.728    41.881    -0.70    4.72
  82919.715    40.983    -2.39    5.24
  83295.705    39.368    -4.30    5.12
  83671.698    38.804    -1.50    5.53
  84047.694    40.881     5.52    8.39
  84423.694    41.200     0.85    6.58
  84799.696    43.133     5.14    8.95
  85175.701    45.141     5.34   12.72
  85551.710    44.817    -0.86   13.00
  85927.721    44.200    -1.64   12.76
  86303.736    43.767    -1.15   12.55
  86679.754    42.483    -3.41    7.25
  87055.774    42.676     0.51    8.08
  87431.798    42.733     0.15    7.88
  87807.825    42.773     0.10    8.23
  88183.855    42.335    -1.17    7.81
  88559.889    41.983    -0.93    6.21
  88935.925    44.112     5.66    7.26
  89311.964    45.510     3.72    8.09
  89688.007    49.137     9.65    8.30
  90064.052    52.240     8.25    8.17
  90440.101    53.650     3.75    7.41
  90816.153    54.470     2.18    6.86
  91192.208    56.858     6.35    6.72
  91568.266    57.457     1.59    6.95
  91944.327    59.900     6.50    6.93
  92320.391    61.145     3.31    6.95
  92696.459    60.039    -2.94    7.94
  93072.529    58.852    -3.16    9.01
  93448.603    58.547    -0.81    8.92
  93824.679    58.796     0.66    8.79
  94200.759    59.115     0.85    8.45
  94576.842    60.062     2.52    7.83
  94952.928    62.118     5.47    8.13
  95329.018    61.855    -0.70    6.89
  95705.110    63.254     3.72    7.36
  96081.205    64.419     3.10    8.39
  96457.304    61.471    -7.84    9.28
  96833.406    59.958    -4.02    9.06
  97209.511    57.659    -6.11    7.20
  97585.619    53.188   -11.89    6.62
  97961.730    51.778    -3.75    5.97
  98337.844    51.344    -1.15    6.69
  98713.962    52.254     2.42    6.72
  99090.082    53.821     4.17    5.59
  99466.206    53.767    -0.14    5.24
  99842.333    52.342    -3.79    5.00
 100218.463    50.862    -3.94    4.11
 100594.596    48.419    -6.49    4.25
 100970.733    46.931    -3.96    3.67
 101346.872    46.678    -0.67    3.40
 101723.015    49.214     6.74    8.20
 102099.161    52.686     9.23    9.14
 102475.310    53.624     2.49    8.59
 102851.462    52.753    -2.32    8.69
 103227.617    50.701    -5.45    8.04
 103603.776    46.694   -10.65    3.51
 103979.937    46.599    -0.25    3.62
 104356.102    46.522    -0.20    3.01
 104732.270    47.261     1.97    3.49
 105108.441    49.173     5.08    5.43
 105484.616    51.362     5.82    5.72
 105860.793    54.605     8.62    5.98
 106236.974    56.188     4.21    7.77
 106613.158    58.440     5.99   10.54
 106989.345    64.983    17.39   12.42
 107365.535    68.471     9.27   12.27
 107741.729    69.678     3.21   10.56
 108117.925    64.573   -13.57   11.81
 108494.125    57.632   -18.45   10.70
 108870.328    52.445   -13.79    6.34
 109246.534    50.325    -5.63    3.31
 109622.744    50.778     1.20    3.74
 109998.956    51.416     1.69    4.37
 110375.172    51.624     0.55    4.93
 110751.391    52.358     1.95    5.64
 111127.614    54.733     6.31    7.10
 111503.839    54.091    -1.71    6.34
 111880.068    54.389     0.79    5.89
 112256.299    54.902     1.36    6.23
 112632.534    55.443     1.44    6.09
 113008.773    56.583     3.03    5.70
 113385.014    57.258     1.79    5.57
 113761.259    59.701     6.49    6.33
 114137.507    61.150     3.85    7.35
 114513.758    60.137    -2.69    7.91
 114890.012    58.497    -4.36    7.50
 115266.270    55.471    -8.04    5.36
 115642.531    55.589     0.31    5.37
 116018.795    57.291     4.52    5.69
 116395.062    60.605     8.81    7.34
 116771.332    63.240     7.00    7.71
 117147.606    65.558     6.16    7.75
 117523.883    69.511    10.51    7.67
 117900.163    71.578     5.49    7.33
 118276.447    70.091    -3.95    8.02
 118652.733    66.605    -9.27    7.22
 119029.023    64.632    -5.24    6.22
 119405.316    63.612    -2.71    5.72
 119781.613    65.658     5.44    6.46
 120157.912    67.522     4.95    5.70
 120534.215    67.902     1.01    5.21
 120910.521    63.188   -12.53    7.11
 121286.831    59.122   -10.81    6.08
 121663.143    59.668     1.45    7.09
 122039.459    61.536     4.97    8.74
 122415.778    66.214    12.43    9.42
 122792.101    70.902    12.46    9.04
 123168.426    68.701    -5.85   11.25
 123544.755    66.422    -6.06   11.72
 123921.087    61.206   -13.86    9.45
 124297.423    57.624    -9.52    5.86
 124673.761    56.902    -1.92    3.89
 125050.103    57.497     1.58    4.60
 125426.449    59.470     5.24    5.49
 125802.797    61.012     4.10    5.51
 126179.149    61.508     1.32    6.48
 126555.504    62.633     2.99    7.69
 126931.862    65.335     7.18    9.13
 127308.224    69.624    11.40   11.19
 127684.589    71.261     4.35   10.13
 128060.957    69.010    -5.98   10.88
 128437.328    64.496   -11.99   10.58
 128813.703    59.878   -12.27    4.00
 129190.081    60.457     1.54    4.25
 129566.024    61.753     3.45    4.68
 129941.750    63.633     5.01    4.56
 130317.480    63.659     0.07    4.36
 130693.212    63.058    -1.60    4.31
 131068.948    62.091    -2.57    3.64
 131444.687    62.064    -0.07    3.38
 131820.430    61.632    -1.15    3.51
 132196.176    61.640     0.02    3.58
 132571.925    63.758     5.64    5.18
 132947.677    66.383     6.99    6.60
 133323.433    69.686     8.79    7.43
 133699.192    72.983     8.78    6.71
 134074.954    72.431    -1.47    6.43
 134450.719    72.089    -0.91    5.09
 134826.488    72.650     1.49    5.08
 135202.260    73.112     1.23    5.27
 135578.036    73.254     0.38    5.86
 135953.814    73.404     0.40    6.03
 136329.597    74.033     1.67    6.76
 136705.382    76.875     7.56    7.43
 137081.171    80.188     8.82    6.32
 137456.963    81.389     3.19    6.09
 137832.758    78.524    -7.62    7.43
 138208.557    73.956   -12.15    6.26
 138584.359    72.150    -4.81    4.46
 138960.164    74.408     6.01    5.80
 139335.972    76.658     5.99    5.77
 139711.784    79.227     6.83    5.82
 140087.600    82.137     7.75    5.12
 140463.418    81.325    -2.16    6.18
 140839.240    78.624    -7.19    7.14
 141215.065    76.317    -6.14    5.52
 141590.894    76.701     1.02    5.53
 141966.726    80.686    10.60    7.39
 142342.561    86.141    14.52    7.50
 142718.400    88.265     5.65    7.31
 143094.242    88.956     1.84    7.16
 143470.087    88.753    -0.54    7.00
 143845.936    88.578    -0.46    7.08
 144221.788    89.659     2.88    7.16
 144597.643    88.254    -3.74    8.88
 144973.502    83.178   -13.51   10.25
 145349.364    77.522   -15.05    8.12
 145725.229    73.408   -10.94    4.65
 146101.098    72.089    -3.51    3.06
 146476.970    73.701     4.29    4.40
 146852.845    77.431     9.92    7.50
 147228.724    81.624    11.16    9.00
 147604.606    84.778     8.39    8.79
 147980.492    87.676     7.71    8.00
 148356.381    90.706     8.06    6.47
 148732.273    90.589    -0.31    6.05
 149108.169    91.188     1.60    6.00
 149484.068    89.483    -4.54    7.78
 149859.970    87.496    -5.29    7.22
 150235.876    87.200    -0.79    7.06
 150611.785    86.389    -2.16    6.13
 150987.697    87.335     2.52    5.30
 151363.613    89.733     6.38    5.76
 151739.533    95.035    14.10    7.42
 152115.455    98.758     9.91    6.20
 152491.381    99.457     1.86    5.89
 152867.311    95.158   -11.44    8.38
 153243.244    89.668   -14.61    8.23
 153619.180    85.701   -10.55    7.17
 153995.119    83.137    -6.82    4.53
 154371.062    82.214    -2.46    4.36
 154747.009    82.567     0.94    4.93
 155122.959    84.510     5.17    5.20
 155498.912    86.394     5.01    6.66
 155874.868    90.869    11.90    8.71
 156250.828    95.445    12.17    9.68
 156626.792   100.091    12.36    8.30
 157002.759   102.335     5.97    6.79
 157378.729   103.227     2.37    6.08
 157754.703   104.650     3.79    5.86
 158130.680   106.829     5.80    7.72
 158506.660   110.837    10.66    7.60
 158882.644   113.010     5.78    7.50
 159258.631   111.558    -3.86   10.67
 159634.622   106.825   -12.59   12.00
 160010.616    99.906   -18.40   11.29
 160386.614    92.483   -19.74    8.24
 160762.615    89.163    -8.83    6.75
 161138.619    87.094    -5.50    3.36
 161514.627    87.036    -0.16    4.01
 161890.638    88.599     4.16    4.56
 162266.653    89.094     1.32    5.01
 162642.671    88.599    -1.32    4.76
 163018.693    88.470    -0.34    4.54
 163394.718    89.740     3.38    5.19
 163770.746    93.254     9.34    7.21
 164146.778    96.094     7.56    7.78
 164522.813    97.137     2.77    6.90
 164898.852   100.935    10.10    8.09
 165274.895   105.362    11.77    9.07
 165650.940   109.258    10.36    7.51
 166026.989   110.194     2.49    7.89
 166403.042   110.855     1.76    8.51
 166779.098   111.115     0.69    9.05
 167155.157   111.906     2.10    8.77
 167531.220   115.122     8.55    8.25
 167907.287   117.378     6.00    9.87
 168283.357   122.137    12.66   11.33
 168659.430   125.928    10.08    9.91
 169035.507   128.163     5.94    9.50
 169411.587   126.676    -3.95   10.05
 169787.671   122.037   -12.33   11.15
 170163.758   113.091   -23.79   10.59
 170539.849   106.178   -18.38    9.87
 170915.943   101.419   -12.65    9.65
 171292.041    97.496   -10.43    8.29
 171668.142    95.524    -5.24    7.65
 172044.246    94.583    -2.50    6.81
 172420.354    94.878     0.78    6.14
 172796.466    97.804     7.78    7.24
 173172.581    99.404     4.26    6.13
 173548.699    98.676    -1.94    5.76
 173924.821    97.740    -2.49    5.77
 174300.947    97.983     0.65    6.72
 174677.076    99.983     5.32    7.54
 175053.208   103.126     8.36    7.01
 175429.344   103.317     0.51    6.52
 175805.484   101.727    -4.23    4.76
 176181.627   103.848     5.64    5.19
 176557.773   103.362    -1.29    5.35
 176933.923   101.344    -5.36    5.56
 177310.077    98.445    -7.71    7.23
 177686.234    94.715    -9.92    6.88
 178062.394    91.929    -7.41    4.91
 178438.558    91.758    -0.45    4.19
 178814.726    93.694     5.15    4.98
 179190.897    98.299    12.24    6.63
 179567.071   103.227    13.10    7.51
 179943.249   108.208    13.24    8.97
 180319.431   114.308    16.21    9.03
 180695.616   118.821    12.00    7.64
 181071.805   121.746     7.78    5.44
 181447.997   120.622    -2.99    6.32
 181824.192   117.829    -7.42    7.70
 182200.391   112.676   -13.70    8.68
 182576.594   107.227   -14.49    7.86
 182952.800   103.064   -11.06    5.69
 183329.010    99.335    -9.91    6.43
 183705.224    95.650    -9.79    6.11
 184081.440    93.886    -4.69    6.43
 184457.661    92.605    -3.40    6.54
 184833.885    93.358     2.00    6.93
 185210.112    95.062     4.53    6.90
 185586.343    93.589    -3.92    6.10
 185962.578    90.821    -7.36    5.32
 186338.816    87.112    -9.86    5.42
 186715.058    83.878    -8.59    4.79
 187091.303    82.233    -4.37    4.28
 187467.551    80.694    -4.09    2.69
 187843.804    80.900     0.55    2.80
 188220.060    84.240     8.88    6.66
 188596.319    88.394    11.04    7.49
 188972.582    91.200     7.46    6.88
 189348.849    93.740     6.75    5.67
 189725.119    95.281     4.09    6.36
 190101.392    97.035     4.66    7.68
 190477.670    95.158    -4.99    7.06
 190853.950    94.497    -1.76    5.76
 191230.235    92.108    -6.35    5.86
 191606.523    89.825    -6.07    4.89
 191982.814    90.168     0.91    4.27
 192359.109    90.254     0.23    5.58
 192735.408    89.753    -1.33    5.86
 193111.710    87.773    -5.26    5.65
 193488.016    85.789    -5.27    3.59
 193864.326    86.753     2.56    4.50
 194240.639    88.567     4.82    5.64
 194616.955    91.291     7.24    6.70
 194993.275    95.958    12.40    8.59
 195369.599    99.983    10.70    9.04
 195745.927   105.416    14.44    7.10
 196122.257   106.551     3.02    5.22
 196498.592   108.036     3.95    5.38
 196874.930   108.533     1.32    6.67
 197251.272   110.091     4.14    7.61
 197627.617   113.398     8.79    8.05
 198003.966   114.932     4.08    7.27
 198380.319   114.825    -0.28    6.78
 198756.675   114.659    -0.44    5.90
 199133.035   112.214    -6.50    5.64
 199509.398   109.599    -6.95    6.51
 199885.765   107.678    -5.10    7.05
 200262.136   104.086    -9.54    7.58
 200638.510    99.150   -13.11    6.63
 201014.888    96.060    -8.21    6.38
 201391.269    93.624    -6.47    4.61
 201767.654    93.469    -0.41    4.58
 202144.043    95.659     5.82    4.97
 202520.435    99.227     9.48    5.33
 202896.831   102.115     7.67    6.79
 203273.231   103.036     2.45    6.99
 203649.634   104.261     3.26    6.29
 204026.041   105.910     4.38    7.56
 204402.410   107.317     3.74    8.91
 204778.101   109.767     6.52    8.88
 205153.795   111.878     5.62    8.08
 205529.494   115.378     9.32    7.83
 205905.195   115.573     0.52    7.69
 206280.901   113.233    -6.23    8.38
 206656.610   110.214    -8.04    8.99
 207032.323   105.150   -13.48    7.26
 207408.039   101.727    -9.11    7.24
 207783.759    99.496    -5.94    8.20
 208159.483    96.555    -7.83    8.42
 208535.210   102.821    16.68   18.90
 208910.941   113.416    28.20   26.85
 209286.675   118.799    14.33   29.23
 209662.414   114.214   -12.20   29.68
 210038.155   104.650   -25.46   26.97
 210413.901    91.081   -36.11   15.52
 210789.650    85.188   -15.68    4.57
 211165.403    85.457     0.71    4.27
 211541.159    85.173    -0.76    4.18
 211916.919    85.214     0.11    3.88
 212292.683    86.112     2.39    4.44
 212668.451    87.872     4.69    5.89
 213044.222    92.394    12.03    8.26
 213419.996    95.400     8.00    8.87
 213795.775    97.829     6.47    9.65
 214171.557   100.035     5.87    9.50
 214547.343   101.098     2.83    8.82
 214923.132   103.064     5.23    8.85
 215298.925   109.036    15.89    9.99
 215674.722   111.694     7.07    8.66
 216050.522   110.933    -2.02    8.57
 216426.326   108.794    -5.69    9.07
 216802.134   104.617   -11.11   10.05
 217177.946   100.778   -10.22   10.20
 217553.761    99.720    -2.82   10.74
 217929.580    95.200   -12.03   12.11
 218305.402    89.753   -14.49    9.54
 218681.228    85.394   -11.60    8.46
 219057.058    80.289   -13.58    5.62
 219432.892    78.342    -5.18    3.59
 219808.729    78.039    -0.81    2.84
 220184.570    78.881     2.24    2.72
 220560.415    80.650     4.71    3.35
 220936.263    83.755     8.26    4.04
 221312.115    84.362     1.61    5.89
 221687.971    83.524    -2.23    6.27
 222063.830    81.246    -6.06    6.18
 222439.693    78.583    -7.09    4.11
 222815.560    77.335    -3.32    2.10
 223191.431    77.858     1.39    2.22
 223567.305    78.599     1.97    1.93
 223943.183    78.878     0.74    1.96
 224319.065    79.767     2.37    2.30
 224694.950    81.291     4.05    3.06
 225070.839    84.720     9.12    5.14
 225446.732    88.983    11.34    6.27
 225822.629    93.291    11.46    5.83
 226198.529    95.150     4.95    5.07
 226574.433    94.394    -2.01    5.87
 226950.341    90.419   -10.57    8.13
 227326.252    87.483    -7.81    6.54
 227702.167    86.470    -2.70    5.91
 228078.086    87.605     3.02    6.27
 228454.009    90.062     6.54    6.39
 228829.936    91.783     4.58    6.30
 229205.866    92.389     1.61    7.29
 229581.800    90.508    -5.00    8.22
 229957.737    86.188   -11.49    7.41
 230333.679    85.141    -2.79    5.53
 230709.624    86.740     4.25    6.20
 231085.573    90.547    10.13    7.87
 231461.525    95.089    12.08    7.62
 231837.482    97.289     5.85    6.51
 232213.442    98.855     4.17    6.76
 232589.405   100.872     5.37    6.71
 232965.373   102.650     4.73    6.13
 233341.344   107.547    13.03    6.66
 233717.320   109.956     6.41    6.52
 234093.299   112.767     7.48    6.27
 234469.281   114.173     3.74    7.14
 234845.268   111.799    -6.31    8.31
 235221.258   107.233   -12.14    8.96
 235597.252   104.551    -7.13    7.57
 235973.249   104.358    -0.51    6.14
 236349.251   103.778    -1.54    6.14
 236725.256   102.562    -3.23    6.58
 237101.265   100.389    -5.78    8.25
 237477.278    96.676    -9.88    8.36
 237853.295    92.957    -9.89    6.39
 238229.315    94.094     3.03    8.22
 238605.339    94.983     2.36    7.48
 238981.367    94.817    -0.44    6.67
 239357.399    94.163    -1.74    6.11
 239733.434    92.855    -3.48    4.82
 240109.474    92.206    -1.73    4.47
 240485.517    90.145    -5.48    4.17
 240861.564    88.010    -5.68    4.00
 241237.614    86.668    -3.57    4.07
 241613.669    85.258    -3.75    3.78
 241989.727    84.335    -2.46    3.04
 242365.789    84.408     0.20    2.56
 242741.855    84.240    -0.45    2.42
 243117.925    85.246     2.68    2.88
 243493.998    85.740     1.31    2.81
 243870.076    86.035     0.78    2.77
 244246.157    85.881    -0.41    3.02
 244622.242    86.178     0.79    4.57
 244998.330    87.753     4.19    5.64
 245374.423    89.150     3.72    5.83
 245750.519    91.804     7.06    5.35
 246126.620    93.188     3.68    4.60
 246502.724    94.640     3.86    4.84
 246878.831    97.091     6.52    5.58
 247254.943    99.389     6.11    4.41
 247631.059   100.220     2.21    4.27
 248007.178   100.258     0.10    4.10
 248383.301    98.794    -3.89    4.43
 248759.428    98.958     0.44    4.63
 249135.559    99.829     2.32    4.22
 249511.693   100.220     1.04    3.39
 249887.832   101.091     2.32    4.07
 250263.974   101.291     0.53    4.75
 250640.120    98.855    -6.48    6.05
 251016.270    96.678    -5.79    6.21
 251392.424    95.599    -2.87    5.08
 251768.582    96.039     1.17    5.11
 252144.743    98.433     6.37    6.53
 252520.909   101.599     8.42    6.77
 252897.078   104.755     8.39    7.36
 253273.251   105.254     1.33    7.85
 253649.428   103.632    -4.31    7.81
 254025.609   102.562    -2.84    6.64
 254401.794   101.291    -3.38    4.97
 254777.982   102.443     3.06    4.74
 255154.174   106.057     9.61    6.06
 255530.371   109.342     8.73    5.58
 255906.571   109.825     1.28    4.79
 256282.775   108.062    -4.69    5.71
 256658.983   105.419    -7.03    5.63
 257035.194   102.983    -6.48    5.15
 257411.410   102.122    -2.29    4.79
 257787.629   101.599    -1.39    4.53
 258163.853   100.317    -3.41    5.31
 258540.080    99.009    -3.48    5.85
 258916.311    96.829    -5.79    5.38
 259292.546    95.298    -4.07    5.34
 259668.785    94.551    -1.98    5.09
 260045.028    93.632    -2.44    4.91
 260421.274    91.694    -5.15    4.70
 260797.525    90.060    -4.34    3.48
 261173.779    88.928    -3.01    2.32
 261550.037    88.764    -0.44    2.22
 261926.300    89.471     1.88    2.35
 262302.566    90.767     3.45    2.45
 262678.836    92.317     4.12    3.12
 263055.110    93.983     4.43    3.13
 263431.388    95.906     5.11    3.47
 263807.669    97.317     3.75    3.97
 264183.955    98.701     3.68    4.63
 264560.244    99.254     1.47    5.34
 264936.538    99.342     0.24    5.17
 265312.835    98.906    -1.16    4.57
 265689.136    97.383    -4.05    4.45
 266065.442    96.308    -2.86    4.65
 266441.751    94.740    -4.17    4.06
 266818.064    94.852     0.30    3.82
 267194.381    95.173     0.85    3.91
 267570.701    94.928    -0.65    4.25
 267947.026    93.108    -4.84    5.77
 268323.355    89.676    -9.12    5.33
 268699.687    86.686    -7.94    4.33
 269076.024    85.035    -4.39    3.69
 269452.365    83.825    -3.21    2.81
 269828.709    83.496    -0.88    2.99
 270205.057    83.416    -0.21    3.04
 270581.410    82.727    -1.83    3.20
 270957.766    82.902     0.47    3.67
 271334.126    84.394     3.96    4.43
 271710.490    86.633     5.95    5.05
 272086.858    88.526     5.03    3.97
 272463.230    89.254     1.93    3.75
 272839.606    90.118     2.30    3.84
 273215.986    92.335     5.89    4.60
 273592.370    94.605     6.03    4.04
 273968.758    95.206     1.60    4.81
 274345.149    96.558     3.59    5.06
 274721.545    97.060     1.33    5.65
 275097.945    97.848     2.09    4.67
 275474.348    98.727     2.33    4.71
 275850.756    98.299    -1.14    5.49
 276227.167    96.855    -3.84    5.45
 276603.583    97.404     1.46    5.52
 276980.003    96.547    -2.28    4.12
 277356.426    97.308     2.02    3.76
 277732.853    98.668     3.61    4.33
 278109.285   100.408     4.62    5.07
 278485.720   102.955     6.77    5.24
 278862.160   105.483     6.72    5.53
 279238.603   107.605     5.64    5.51
 279614.686   109.362     4.67    4.96
 279990.338   110.470     2.95    4.39
 280365.994   111.761     3.44    4.14
 280741.654   114.283     6.71    4.91
 281117.317   116.720     6.49    5.55
 281492.985   118.578     4.95    5.14
 281868.657   118.368    -0.56    5.49
 282244.332   116.273    -5.58    6.36
 282620.012   113.035    -8.62    5.67
 282995.695   112.141    -2.38    5.63
 283371.383   112.060    -0.22    6.49
 283747.074   109.794    -6.03    8.30
 284122.770   106.431    -8.95    9.97
 284498.469   101.333   -13.57    8.83
 284874.173    96.926   -11.73    5.57
 285249.880    95.335    -4.24    3.61
 285625.592    96.983     4.39    4.31
 286001.307    99.145     5.76    4.45
 286377.027   100.254     2.95    3.23
 286752.750    99.900    -0.94    3.15
 287128.478    98.558    -3.57    4.57
 287504.209    97.141    -3.77    4.73
 287879.945    96.578    -1.50    4.71
 288255.684    95.547    -2.74    4.11
 288631.428    94.589    -2.55    4.14
 289007.175    92.799    -4.76    5.00
 289382.927    89.904    -7.70    5.22
 289758.682    87.009    -7.71    4.98
 290134.442    84.740    -6.04    3.48
 290510.205    84.983     0.65    3.50
 290885.973    85.458     1.26    3.33
 291261.744    86.678     3.25    3.52
 291637.520    85.740    -2.50    4.02
 292013.299    85.145    -1.58    3.52
 292389.083    86.362     3.24    4.24
 292764.871    91.273    13.07    8.18
 293140.662    96.755    14.59    8.33
 293516.458   100.558    10.12    7.48
 293892.258   104.194     9.67    7.12
 294268.062   106.632     6.49    8.27
 294643.869   109.522     7.69    8.38
 295019.681   112.668     8.37    7.84
 295395.497   115.036     6.30    7.98
 295771.317   117.983     7.84    8.40
 296147.141   119.650     4.44    9.06
 296522.969   122.902     8.65    9.63
 296898.801   124.496     4.24   10.02
 297274.637   127.683     8.48   10.39
 297650.477   129.650     5.23    9.54
 298026.322   131.902     5.99    9.39
 298402.170   136.416    12.01   11.02
 298778.022   139.416     7.98   12.06
 299153.879   143.404    10.61   12.28
 299529.739   145.817     6.42   13.05
 299905.604   149.058     8.63   12.97
 300281.472   153.536    11.91   11.74
 300657.345   157.317    10.06   11.24
 301033.221   161.858    12.08   10.46
