-270429.455   133.974     0.00    7.50
-270053.147   132.622    -3.59    8.23
-269676.842   129.981    -7.02    8.57
-269300.540   126.263    -9.88    6.98
-268924.240   125.882    -1.01    7.35
-268547.942   122.596    -8.73    6.85
-268171.648   119.968    -6.99    6.72
-267795.355   117.449    -6.69    5.68
-267419.065   115.930    -4.04    4.86
-267042.778   116.336     1.08    5.16
-266666.493   116.995     1.75    5.09
-266290.211   117.643     1.72    4.01
-265913.931   117.454    -0.50    3.72
-265537.654   117.904     1.20    3.64
-265161.379   118.697     2.11    3.46
-264785.107   118.724     0.07    3.52
-264408.838   118.382    -0.91    3.66
-264032.570   117.292    -2.90    3.99
-263656.306   115.263    -5.39    4.27
-263280.044   112.646    -6.96    4.80
-262903.784   110.093    -6.78    4.04
-262527.527   108.803    -3.43    3.77
-262151.272   109.442     1.70    4.19
-261775.020   109.643     0.53    3.73
-261398.770   109.468    -0.47    3.05
-261022.523   108.924    -1.44    2.39
-260646.278   108.308    -1.64    1.90
-260270.036   107.887    -1.12    1.99
-259893.796   107.076    -2.16    2.62
-259517.559   106.130    -2.51    2.47
-259141.324   106.724     1.58    3.02
-258765.092   107.324     1.59    2.83
-258388.862   110.374     8.11    4.69
-258012.635   113.619     8.62    6.64
-257636.410   115.833     5.88    7.25
-257260.188   117.776     5.17    6.78
-256883.968   118.514     1.96    6.15
-256507.750   116.519    -5.30    5.87
-256131.535   113.995    -6.71    4.30
-255755.323   112.827    -3.10    3.95
-255379.113   111.697    -3.00    3.92
-255002.905   111.135    -1.49    3.32
-254626.700   110.474    -1.76    2.91
-254250.498   110.695     0.59    3.47
-253874.297   113.779     8.20    6.51
-253498.100   116.779     7.97    8.24
-253121.904   118.184     3.74    7.99
-252745.712   118.103    -0.22    7.51
-252369.521   116.058    -5.44    6.57
-251993.333   113.237    -7.50    4.77
-251617.148   111.571    -4.43    4.33
-251240.965   111.067    -1.34    5.22
-250864.784   111.540     1.26    7.29
-250488.606   111.340    -0.53    8.95
-250112.431   110.391    -2.52    9.34
-249736.257   107.860    -6.73    7.25
-249360.087   106.519    -3.56    5.77
-248983.918   106.474    -0.12    5.24
-248607.752   105.514    -2.55    4.18
-248231.589   104.083    -3.80    2.90
-247855.428   103.818    -0.71    3.03
-247479.269   104.904     2.89    3.59
-247103.113   106.454     4.12    6.79
-246726.959   108.502     5.44    9.54
-246350.808   107.887    -1.64   10.14
-245974.659   106.447    -3.83   10.90
-245598.512   106.619     0.46    9.83
-245222.368   106.648     0.08   10.18
-244846.227   108.481     4.88    9.97
-244470.087   106.673    -4.81   10.77
-244093.951   100.776   -15.68    9.53
-243717.816    97.314    -9.20    8.28
-243341.684    95.184    -5.66    6.45
-242965.555    94.109    -2.86    6.13
-242589.427    94.481     0.99    5.85
-242213.303    96.076     4.24    6.32
-241837.180    95.724    -0.93    5.94
-241461.060    95.881     0.42    6.02
-241084.943    93.878    -5.32    6.20
-240708.827    93.224    -1.74    5.65
-240332.715    95.562     6.22    6.66
-239956.604    97.752     5.82    5.87
-239580.496    97.891     0.37    5.92
-239204.391    96.040    -4.92    5.57
-238828.287    92.442    -9.57    5.64
-238452.187    90.562    -5.00    5.30
-238076.088    89.263    -3.46    4.72
-237699.992    90.212     2.52    6.40
-237323.898    94.519    11.45    7.86
-236947.807    99.941    14.42    9.15
-236571.718   103.599     9.73    9.51
-236195.632   106.454     7.59    7.57
-235819.548   107.806     3.59    6.11
-235443.466   109.724     5.10    7.85
-235067.386   112.195     6.57   10.61
-234691.309   115.186     7.95   12.83
-234315.235   119.314    10.98   14.99
-233939.162   120.974     4.41   14.49
-233563.092   120.646    -0.87   13.50
-233187.025   120.058    -1.56   12.45
-232810.960   120.330     0.72    9.34
-232434.897   123.417     8.21   12.56
-232058.836   128.265    12.89   12.54
-231682.778   132.382    10.95    8.02
-231306.722   130.930    -3.86    8.40
-230930.669   125.007   -15.75   10.91
-230554.618   118.643   -16.92   12.09
-230178.569   110.224   -22.39   10.73
-229802.523   103.251   -18.55    7.53
-229426.479   102.157    -2.91    7.63
-229050.437   105.589     9.13    9.44
-228674.398   109.919    11.51   10.03
-228298.361   110.955     2.76    8.08
-227922.326   108.519    -6.48    9.36
-227546.294   104.391   -10.98    9.99
-227170.264    97.263   -18.96    8.21
-226794.236    93.113   -11.04    5.31
-226418.211    94.643     4.07    7.47
-226042.188   100.289    15.01   10.96
-225666.167   105.833    14.74   10.88
-225290.149   112.014    16.44    7.23
-224914.133   112.856     2.24    6.13
-224538.119   108.149   -12.52    9.16
-224162.108   104.752    -9.04    8.98
-223786.099   100.449   -11.44    7.12
-223410.092    96.699    -9.98    6.54
-223034.088    94.280    -6.43    6.28
-222658.086    89.941   -11.54    5.24
-222282.086    87.419    -6.71    5.04
-221906.089    85.198    -5.91    4.41
-221530.094    84.099    -2.92    3.54
-221154.101    84.002    -0.26    3.98
-220778.110    84.649     1.72    4.55
-220402.122    84.995     0.92    4.10
-220026.136    84.373    -1.65    2.87
-219650.152    84.724     0.93    3.16
-219274.171    85.567     2.24    3.04
-218898.192    85.593     0.07    2.51
-218522.215    85.724     0.35    3.18
-218146.241    85.424    -0.80    3.31
-217770.269    85.724     0.80    3.31
-217394.299    86.399     1.80    4.08
-217018.332    87.251     2.26    4.07
-216642.366    88.363     2.96    3.97
-216266.403    87.833    -1.41    3.64
-215890.443    87.363    -1.25    3.27
-215514.484    87.391     0.07    4.02
-215138.528    86.849    -1.44    4.11
-214762.574    86.400    -1.20    3.79
-214386.623    84.749    -4.39    3.88
-214010.673    81.619    -8.33    4.45
-213634.726    78.724    -7.70    4.28
-213258.782    77.619    -2.94    3.85
-212882.839    78.622     2.67    4.74
-212506.899    81.172     6.78    4.78
-212130.961    82.252     2.87    4.31
-211755.025    82.007    -0.65    4.20
-211379.092    80.076    -5.14    4.18
-211003.161    78.160    -5.10    3.83
-210627.232    76.878    -3.41    3.48
-210251.305    75.863    -2.70    2.70
-209875.381    75.157    -1.88    2.83
-209499.459    75.447     0.77    3.70
-209123.539    78.417     7.90    5.62
-208747.622    79.186     2.05    5.68
-208371.706    79.806     1.65    5.27
-207995.793    79.774    -0.08    5.26
-207619.882    79.435    -0.90    5.70
-207243.974    79.093    -0.91    6.00
-206868.067    79.860     2.04    6.31
-206492.163    79.724    -0.36    6.00
-206116.261    81.014     3.43    6.94
-205740.362    85.058    10.76    8.50
-205364.464    87.277     5.90    9.14
-204988.569    88.558     3.41    9.55
-204612.676    89.237     1.81    9.41
-204236.785    90.724     3.96   10.10
-203860.897    91.153     1.14    9.90
-203485.011    92.211     2.81    9.79
-203109.127    92.211     0.00    9.04
-202733.245    94.346     5.68   10.01
-202357.365    97.449     8.26   10.69
-201981.265   101.346    10.36    9.46
-201604.941   101.619     0.73    9.51
-201228.620   100.878    -1.97    9.15
-200852.301   100.519    -0.95   10.75
-200475.984    99.454    -2.83   11.10
-200099.670   100.571     2.97   11.29
-199723.357    99.935    -1.69   10.84
-199347.047   100.252     0.84   12.04
-198970.739   101.224     2.58   12.18
-198594.434   100.002    -3.25   11.99
-198218.130   100.567     1.50   11.92
-197841.829   100.237    -0.88   12.77
-197465.530    98.943    -3.44   12.00
-197089.233    99.184     0.64   10.88
-196712.938   103.076    10.34   11.59
-196336.646   105.184     5.60   12.20
-195960.355   107.827     7.02   12.07
-195584.067   105.941    -5.01   11.39
-195207.781   103.417    -6.71   10.77
-194831.498   102.442    -2.59   10.08
-194455.216    99.007    -9.13   10.77
-194078.937    94.535   -11.88   10.80
-193702.660    90.801    -9.92   11.72
-193326.385    87.488    -8.81   10.80
-192950.112    85.724    -4.69   11.87
-192573.841    84.643    -2.87   11.09
-192197.573    85.535     2.37   11.61
-191821.307    87.724     5.82   13.37
-191445.043    92.263    12.06   16.35
-191068.781    99.599    19.50   16.43
-190692.521   101.955     6.26   14.79
-190316.264    99.699    -6.00   14.34
-189940.008    91.808   -20.97   15.15
-189563.755    81.058   -28.57   12.43
-189187.504    78.211    -7.57   10.34
-188811.255    83.494    14.04   14.93
-188435.009    93.545    26.72   16.72
-188058.764   101.830    22.02   12.85
-187682.522   105.988    11.05   11.02
-187306.282   105.904    -0.22   10.43
-186930.044   104.007    -5.04   11.54
-186553.808   102.780    -3.26   13.27
-186177.574   104.508     4.59   13.36
-185801.343   108.238     9.91   10.88
-185425.113   108.373     0.36   12.56
-185048.886   109.292     2.44   13.71
-184672.661   105.724    -9.48   15.47
-184296.438   101.160   -12.13   14.77
-183920.217   102.237     2.86   14.35
-183543.998   102.586     0.93   14.39
-183167.782   109.083    17.27   13.54
-182791.567   110.562     3.93   10.73
-182415.355   109.409    -3.07   12.73
-182039.145   108.014    -3.71   15.55
-181662.937   111.853    10.20   14.67
-181286.731   114.941     8.21   11.87
-180910.527   112.160    -7.39   11.76
-180534.326   108.424    -9.93   12.21
-180158.126   105.252    -8.43   14.42
-179781.929   101.698    -9.45   15.25
-179405.734    97.779   -10.42   16.74
-179029.541    95.643    -5.68   15.40
-178653.350    94.292    -3.59   15.03
-178277.161    96.410     5.63   16.66
-177900.974   103.499    18.85   16.02
-177524.789   107.904    11.71   14.71
-177148.607   109.481     4.19   14.20
-176772.426   108.673    -2.15   13.64
-176396.248   108.481    -0.51   14.72
-176020.072   107.330    -3.06   12.22
-175643.898   108.032     1.87   13.93
-175267.726   107.878    -0.41   15.94
-174891.556   106.211    -4.43   17.66
-174515.388   103.382    -7.52   18.82
-174139.223    98.699   -12.45   16.28
-173763.059    99.887     3.16   14.68
-173386.897   102.442     6.79   13.03
-173010.738   104.508     5.49   13.01
-172634.581   107.779     8.69   13.76
-172258.426   111.265     9.27   13.29
-171882.272   110.169    -2.91   13.75
-171506.121   107.263    -7.73   14.72
-171129.972   103.649    -9.61   14.87
-170753.826   101.643    -5.33   14.60
-170377.681   100.599    -2.78   13.83
-170001.538   102.961     6.28   13.10
-169625.397   103.981     2.71   11.80
-169249.259   106.988     7.99   10.01
-168873.122   105.853    -3.02   10.41
-168496.988   101.169   -12.45   10.69
-168120.856    98.670    -6.64   10.74
-167744.725   100.853     5.80   12.12
-167368.597   101.067     0.57   12.02
-166992.471    96.391   -12.43   15.83
-166616.347    86.724   -25.70   19.25
-166240.225    79.589   -18.97   17.58
-165864.105    68.400   -29.75   12.27
-165487.987    62.481   -15.74    8.15
-165111.871    61.186    -3.44    3.99
-164735.758    62.149     2.56    4.61
-164359.646    64.860     7.21    4.67
-163983.536    69.545    12.46    6.44
-163607.429    74.356    12.79    9.22
-163231.323    79.567    13.85   13.48
-162855.220    85.752    16.45   15.31
-162479.118    91.424    15.08   17.07
-162103.019    97.172    15.28   15.77
-161726.921   102.346    13.76   15.08
-161350.826   108.356    15.98   13.38
-160974.733   110.808     6.52   12.94
-160598.642   109.417    -3.70   12.87
-160222.552   107.622    -4.77   12.76
-159846.465   108.210     1.56   12.56
-159470.380   107.022    -3.16   11.74
-159094.297   104.589    -6.47   14.75
-158718.216    97.567   -18.67   15.72
-158342.137    89.874   -20.45   12.23
-157966.060    85.806   -10.82   11.14
-157589.985    80.014   -15.40   12.68
-157213.912    78.067    -5.18   14.01
-156837.841    75.160    -7.73   12.04
-156461.772    79.860    12.50   15.75
-156085.705    89.249    24.97   17.66
-155709.640    97.830    22.82   13.53
-155333.577    98.002     0.46   13.72
-154957.516    97.752    -0.67   13.13
-154581.457    98.863     2.96   13.09
-154205.400   101.468     6.93   13.82
-153829.345   108.930    19.84   10.98
-153453.292   114.313    14.32    5.92
-153077.242   114.860     1.45    6.59
-152701.193   112.887    -5.25    9.19
-152325.146   107.184   -15.17   14.75
-151949.101    98.981   -21.81   17.91
-151573.058    94.508   -11.89   17.05
-151197.017    91.596    -7.74   13.49
-150820.978    89.330    -6.03   13.48
-150444.941    93.596    11.35   15.07
-150068.907    98.752    13.71   13.84
-149692.874   100.554     4.79   14.84
-149316.843   100.135    -1.11   14.80
-148940.814    99.141    -2.64   15.64
-148564.787    95.670    -9.23   14.68
-148188.762    91.373   -11.43   15.06
-147812.739    86.968   -11.72   16.16
-147436.718    82.212   -12.65   15.29
-147060.699    82.353     0.38   15.53
-146684.682    85.648     8.76   15.65
-146308.667    91.698    16.09   13.09
-145932.653    96.169    11.89   11.22
-145556.642    96.212     0.11   11.24
-145180.633    89.935   -16.69   16.65
-144804.626    81.289   -23.00   20.88
-144428.621    71.488   -26.07   19.67
-144052.617    67.160   -11.51   17.73
-143676.616    62.887   -11.37   16.64
-143300.617    60.391    -6.64   18.36
-142924.619    55.699   -12.48   16.90
-142548.624    49.002   -17.81    6.37
-142172.630    49.049     0.12    4.92
-141796.639    50.427     3.67    4.47
-141420.649    55.238    12.80    9.88
-141044.661    66.514    29.99   17.29
-140668.676    75.752    24.57   18.37
-140292.692    84.622    23.59   13.37
-139916.710    89.751    13.64   12.48
-139540.730    91.670     5.11   12.77
-139164.752    94.648     7.92   13.94
-138788.776   102.909    21.97   13.06
-138412.802   109.909    18.62   12.06
-138036.830   114.093    11.13   16.56
-137660.860   112.391    -4.53   19.90
-137284.891   113.265     2.32   19.63
-136908.925   112.032    -3.28   19.13
-136532.961   114.099     5.50   17.66
-136156.998   112.667    -3.81   15.64
-135781.038   113.238     1.52   13.26
-135405.079   113.130    -0.29   16.60
-135029.122   107.995   -13.66   20.56
-134653.167    99.184   -23.44   19.43
-134277.214    95.391   -10.09   17.97
-133901.263    90.774   -12.28   15.48
-133525.314    83.750   -18.68   13.68
-133149.367    84.887     3.02   15.79
-132773.422    90.314    14.44   18.81
-132397.479    97.198    18.31   15.47
-132021.537    90.801   -17.02   22.06
-131645.598    79.995   -28.75   22.41
-131269.660    71.648   -22.20   18.77
-130893.724    64.752   -18.34   12.61
-130517.791    63.160    -4.23   11.42
-130141.859    58.853   -11.46    9.81
-129765.929    57.006    -4.91   10.16
-129390.001    57.643     1.70   11.70
-129014.074    59.049     3.74   12.94
-128638.150    60.292     3.31   12.04
-128262.228    61.961     4.44   11.26
-127886.307    60.616    -3.58   11.84
-127510.388    57.160    -9.19   11.30
-127134.471    52.058   -13.57    7.76
-126758.226    51.277    -2.08    7.72
-126381.931    47.488   -10.07    8.44
-126005.637    45.596    -5.03    8.58
-125629.345    45.314    -0.75   10.18
-125253.055    45.346     0.08   12.16
-124876.767    47.724     6.32   12.31
-124500.481    48.508     2.08    9.15
-124124.197    49.878     3.64   10.23
-123747.914    52.058     5.79   10.68
-123371.634    53.756     4.51    9.67
-122995.355    55.930     5.78   13.86
-122619.078    59.461     9.39   14.47
-122242.803    63.130     9.75   15.32
-121866.530    69.494    16.91   19.03
-121490.259    78.058    22.76   21.16
-121113.989    78.109     0.14   20.02
-120737.722    73.289   -12.81   19.26
-120361.456    72.995    -0.78   16.47
-119985.192    74.801     4.80   17.28
-119608.931    78.135     8.86   17.82
-119232.670    82.673    12.06   18.23
-118856.412    78.860   -10.14   20.01
-118480.156    80.212     3.59   18.41
-118103.901    85.779    14.80   19.93
-117727.649    82.589    -8.48   19.01
-117351.398    83.481     2.37   18.84
-116975.149    84.693     3.22   18.91
-116598.902    84.545    -0.39   19.41
-116222.656    89.882    14.19   20.62
-115846.413    91.530     4.38   21.04
-115470.171    86.519   -13.32   21.67
-115093.931    82.613   -10.38   22.78
-114717.693    76.750   -15.58   23.98
-114341.457    71.673   -13.49   25.92
-113965.223    66.968   -12.51   27.82
-113588.990    59.567   -19.67   28.10
-113212.760    55.160   -11.71   26.87
-112836.531    51.124   -10.73   22.71
-112460.304    43.481   -20.32   13.77
-112084.079    42.545    -2.49   10.29
-111707.855    42.988     1.18    8.44
-111331.634    44.076     2.89    7.33
-110955.414    46.941     7.61    6.49
-110579.196    45.947    -2.64    5.71
-110202.980    44.571    -3.66    4.40
-109826.766    42.174    -6.37    4.95
-109450.553    42.336     0.43    5.76
-109074.342    45.058     7.24    7.01
-108698.134    45.586     1.40    6.96
-108321.927    43.330    -6.00    7.74
-107945.721    41.724    -4.27    7.89
-107569.518    45.777    10.77   14.03
-107193.316    57.698    31.69   19.73
-106817.116    69.909    32.46   16.58
-106440.918    75.524    14.93   10.14
-106064.722    73.481    -5.43   13.44
-105688.527    66.749   -17.89   13.75
-105312.335    59.777   -18.53    8.02
-104936.144    59.086    -1.84    8.43
-104559.955    60.724     4.36    9.64
-104183.767    63.613     7.68   10.13
-103807.582    65.303     4.49    9.71
-103431.398    70.449    13.68    8.13
-103055.216    76.454    15.96    9.83
-102679.036    85.299    23.51   12.27
-102302.857    92.751    19.81    9.70
-101926.680    97.356    12.24    5.58
-101550.505    99.093     4.62    3.15
-101174.332    97.468    -4.32    5.83
-100798.161    93.409   -10.79    8.26
-100421.991    89.558   -10.24    7.90
-100045.824    86.007    -9.44    4.74
 -99669.657    84.697    -3.48    2.76
 -99293.493    84.274    -1.12    2.63
 -98917.331    83.750    -1.39    2.40
 -98541.170    83.919     0.45    2.73
 -98165.011    83.752    -0.45    3.61
 -97788.853    82.891    -2.29    3.88
 -97412.698    82.224    -1.77    4.66
 -97036.544    81.468    -2.01    3.83
 -96660.392    81.995     1.40    4.13
 -96284.242    83.074     2.87    5.09
 -95908.093    84.314     3.30    5.50
 -95531.947    85.803     3.96    5.84
 -95155.802    87.346     4.10    4.77
 -94779.658    89.135     4.76    4.03
 -94403.517    89.109    -0.07    4.40
 -94027.377    86.724    -6.34    5.53
 -93651.239    81.648   -13.50    7.79
 -93275.102    75.780   -15.60    7.52
 -92898.968    72.830    -7.84    6.34
 -92522.835    70.596    -5.94    5.66
 -92146.704    70.694     0.26    7.14
 -91770.574    69.860    -2.22    7.48
 -91394.447    67.646    -5.89    7.76
 -91018.321    66.724    -2.45    7.74
 -90642.197    70.237     9.34    9.77
 -90266.074    75.891    15.03   10.92
 -89889.953    79.724    10.19    8.63
 -89513.834    79.955     0.61    8.63
 -89137.717    78.981    -2.59    8.28
 -88761.601    77.400    -4.20    7.81
 -88385.487    79.803     6.39    8.31
 -88009.375    83.366     9.47    8.35
 -87633.264    86.530     8.41    6.79
 -87257.156    87.622     2.90    5.76
 -86881.049    84.130    -9.28    8.51
 -86504.943    78.803   -14.16    9.71
 -86128.839    77.058    -4.64    7.09
 -85752.737    78.818     4.68    7.28
 -85376.637    84.724    15.70    8.30
 -85000.539    90.514    15.39    5.96
 -84624.442    93.157     7.03    3.69
 -84248.346    93.007    -0.40    3.09
 -83872.253    91.968    -2.76    3.33
 -83496.161    90.007    -5.21    3.98
 -83120.071    88.135    -4.98    4.29
 -82743.983    86.856    -3.40    4.57
 -82367.896    86.724    -0.35    3.37
 -81991.811    85.878    -2.25    3.66
 -81615.727    85.961     0.22    4.09
 -81239.646    85.724    -0.63    3.84
 -80863.566    85.346    -1.01    4.35
 -80487.487    83.752    -4.24    4.19
 -80111.410    82.157    -4.24    4.69
 -79735.335    80.468    -4.49    5.88
 -79359.262    78.943    -4.05    6.20
 -78983.190    79.289     0.92    6.66
 -78607.120    79.648     0.95    6.45
 -78231.052    80.586     2.49    6.53
 -77854.985    82.212     4.32    6.32
 -77478.920    83.184     2.59    5.82
 -77102.857    83.135    -0.13    5.98
 -76726.795    83.119    -0.04    5.77
 -76350.735    81.186    -5.14    6.56
 -75974.677    79.508    -4.46    6.41
 -75598.620    78.648    -2.29    7.04
 -75222.565    78.224    -1.13    7.05
 -74846.512    77.953    -0.72    8.10
 -74470.460    78.346     1.05    8.56
 -74094.410    79.184     2.23    9.59
 -73718.362    78.049    -3.02   11.53
 -73342.315    78.616     1.51   13.78
 -72966.270    79.467     2.26   14.41
 -72590.226    79.074    -1.04   13.60
 -72214.184    77.237    -4.89   14.33
 -71838.144    74.806    -6.47   12.99
 -71462.105    69.494   -14.13   12.17
 -71086.068    65.724   -10.02   11.31
 -70710.033    60.961   -12.67   10.78
 -70333.999    61.514     1.47   11.13
 -69957.967    63.878     6.29   13.66
 -69581.937    67.833    10.52   14.66
 -69205.908    71.409     9.51   14.27
 -68829.881    72.824     3.77   13.78
 -68453.855    73.639     2.17   12.77
 -68077.831    71.540    -5.58   12.28
 -67701.809    65.995   -14.75   13.95
 -67325.788    61.860   -11.00   11.93
 -66949.769    56.643   -13.87   11.05
 -66573.752    54.808    -4.88    9.44
 -66197.736    54.442    -0.97    9.98
 -65821.721    52.545    -5.05    9.90
 -65445.709    50.616    -5.13    8.69
 -65069.698    50.135    -1.28    8.75
 -64693.688    49.981    -0.41    7.35
 -64317.680    51.750     4.71    9.77
 -63941.674    53.968     5.90   11.18
 -63565.669    52.724    -3.31   12.59
 -63189.666    50.447    -6.06   11.79
 -62813.665    49.251    -3.18    9.66
 -62437.665    46.648    -6.92    9.09
 -62061.667    46.254    -1.05    7.65
 -61685.670    46.878     1.66    9.66
 -61309.675    47.184     0.81   10.80
 -60933.682    47.863     1.81   11.59
 -60557.690    53.806    15.80   14.57
 -60181.699    60.558    17.96   13.99
 -59805.711    66.619    16.12    8.39
 -59429.724    70.066     9.17    4.11
 -59053.738    70.481     1.10    4.66
 -58677.754    70.648     0.44    4.46
 -58301.772    70.750     0.27    4.07
 -57925.791    69.468    -3.41    4.33
 -57549.811    67.995    -3.92    4.62
 -57173.834    65.827    -5.77    5.34
 -56797.858    63.562    -6.02    5.76
 -56421.883    62.806    -2.01    5.47
 -56045.910    63.049     0.65    5.62
 -55669.939    65.166     5.63    4.20
 -55293.969    65.904     1.96    3.65
 -54918.001    66.442     1.43    3.50
 -54542.034    66.724     0.75    3.21
 -54166.069    64.724    -5.32    3.88
 -53790.105    62.474    -5.98    4.96
 -53414.143    62.540     0.17    5.19
 -53038.182    63.237     1.85    5.29
 -52662.224    65.238     5.32    4.99
 -52286.266    67.435     5.84    2.99
 -51910.240    66.698    -1.96    3.81
 -51533.978    65.040    -4.41    4.86
 -51157.718    63.292    -4.65    6.15
 -50781.459    61.974    -3.50    7.08
 -50405.202    62.238     0.70    8.22
 -50028.946    63.968     4.60    8.10
 -49652.692    66.292     6.18    6.33
 -49276.439    66.224    -0.18    5.78
 -48900.188    62.237   -10.60    9.95
 -48523.939    58.340   -10.36   11.24
 -48147.691    55.891    -6.51   11.38
 -47771.444    53.067    -7.51   12.18
 -47395.199    51.292    -4.72   14.35
 -47018.956    47.400   -10.34   14.76
 -46642.714    43.468   -10.45   14.49
 -46266.473    42.400    -2.84   13.56
 -45890.235    44.224     4.85   13.24
 -45513.997    48.409    11.12   14.28
 -45137.761    49.324     2.43   13.21
 -44761.527    50.481     3.07   11.19
 -44385.294    47.749    -7.26   11.76
 -44009.063    46.673    -2.86   10.66
 -43632.833    47.130     1.21    9.72
 -43256.605    49.292     5.75   10.94
 -42880.378    52.427     8.33   11.56
 -42504.153    51.882    -1.45   12.31
 -42127.929    46.237   -15.00   14.53
 -41751.707    40.752   -14.58   12.48
 -41375.486    40.391    -0.96   12.83
 -40999.267    47.198    18.09   14.37
 -40623.050    51.336    11.00   12.10
 -40246.833    52.314     2.60    9.91
 -39870.619    52.955     1.70   10.46
 -39494.405    56.119     8.41   10.26
 -39118.194    58.076     5.20   10.33
 -38741.983    60.032     5.20    8.64
 -38365.775    60.103     0.19    6.26
 -37989.567    56.574    -9.38    6.73
 -37613.362    53.424    -8.37    4.84
 -37237.157    51.553    -4.97    5.00
 -36860.955    48.211    -8.88    6.24
 -36484.753    46.670    -4.10    6.20
 -36108.553    45.779    -2.37    5.73
 -35732.355    46.698     2.44    6.17
 -35356.158    48.641     5.16    5.84
 -34979.963    47.749    -2.37    5.47
 -34603.769    45.545    -5.86    6.37
 -34227.576    42.752    -7.43    5.97
 -33851.385    41.878    -2.32    6.13
 -33475.196    41.461    -1.11    7.19
 -33099.008    41.461     0.00    7.06
 -32722.821    40.558    -2.40    7.71
 -32346.636    38.827    -4.60    6.90
 -31970.452    38.419    -1.08    6.34
 -31594.270    38.391    -0.07    6.19
 -31218.089    38.263    -0.34    6.50
 -30841.910    36.912    -3.59    5.49
 -30465.732    36.616    -0.79    5.02
 -30089.556    36.292    -0.86    5.48
 -29713.381    36.488     0.52    5.73
 -29337.207    37.672     3.15    6.00
 -28961.035    37.292    -1.01    6.66
 -28584.864    35.981    -3.49    6.07
 -28208.695    36.032     0.14    5.95
 -27832.528    37.961     5.13    6.71
 -27456.361    41.014     8.12    6.40
 -27080.196    44.827    10.14    4.63
 -26704.033    47.186     6.27    4.39
 -26327.871    48.995     4.81    3.66
 -25951.710    48.904    -0.24    4.68
 -25575.551    46.391    -6.68    7.22
 -25199.394    41.699   -12.47    8.57
 -24823.237    38.827    -7.63    6.68
 -24447.083    40.412     4.21    8.35
 -24070.929    44.724    11.46    8.08
 -23694.777    47.184     6.54    6.50
 -23318.627    45.914    -3.38    7.45
 -22942.477    40.545   -14.27    9.01
 -22566.330    35.058   -14.59    6.72
 -22190.183    33.237    -4.84    4.49
 -21814.039    34.827     4.23    5.72
 -21437.895    36.995     5.76    6.10
 -21061.753    36.263    -1.95    6.81
 -20685.612    35.160    -2.93    6.98
 -20309.473    33.571    -4.23    6.45
 -19933.335    31.400    -5.77    3.73
 -19557.199    32.750     3.59    4.54
 -19181.064    35.292     6.76    5.68
 -18804.930    36.724     3.81    5.62
 -18428.798    36.833     0.29    6.13
 -18052.667    33.881    -7.85    6.33
 -17676.538    29.417   -11.87    4.65
 -17300.410    26.409    -8.00    2.84
 -16924.283    25.280    -3.00    2.83
 -16548.158    24.289    -2.64    1.93
 -16172.034    24.808     1.38    3.18
 -15795.911    26.930     5.64    4.91
 -15419.790    28.303     3.65    4.64
 -15043.670    29.643     3.56    4.99
 -14667.552    29.935     0.78    4.76
 -14291.435    29.878    -0.15    4.72
 -13915.320    29.749    -0.34    5.38
 -13539.205    29.076    -1.79    5.02
 -13163.093    29.289     0.57    5.52
 -12786.981    27.330    -5.21    5.68
 -12410.871    26.643    -1.82    6.31
 -12034.762    25.779    -2.30    5.93
 -11658.655    24.753    -2.73    4.82
 -11282.549    26.032     3.40    6.27
 -10906.444    26.674     1.71    6.01
 -10530.341    26.887     0.56    5.78
 -10154.239    26.442    -1.18    5.50
  -9778.139    25.447    -2.65    4.71
  -9402.040    25.435    -0.03    4.70
  -9025.942    25.289    -0.39    4.64
  -8649.845    25.172    -0.31    4.55
  -8273.750    27.670     6.64    5.37
  -7897.657    30.146     6.58    5.10
  -7521.564    30.774     1.67    4.16
  -7145.473    30.995     0.59    3.77
  -6769.383    31.135     0.37    4.79
  -6393.295    30.724    -1.09    5.04
  -6017.208    29.752    -2.59    4.88
  -5641.122    28.508    -3.31    5.69
  -5265.038    26.086    -6.44    7.62
  -4888.955    23.648    -6.48    7.90
  -4512.873    21.549    -5.58    8.12
  -4136.793    19.643    -5.07    6.48
  -3760.714    18.274    -3.64    7.47
  -3384.637    17.909    -0.97    7.56
  -3008.560    16.777    -3.01    7.64
  -2632.485    17.049     0.72    7.23
  -2256.412    15.468    -4.20    8.58
  -1880.339    12.919    -6.78   10.01
  -1504.268     8.002   -13.07   10.38
  -1128.199     4.698    -8.79    9.65
   -752.130    -0.076   -12.69    4.97
   -376.063    -1.276    -3.19    0.00
      0.003    -1.276     0.00    0.00
    376.067    -0.026     3.32    4.67
    752.130     4.724    12.63    8.97
   1128.192    10.508    15.38   10.26
   1504.252    15.724    13.87   10.32
   1880.312    19.974    11.30    9.00
   2256.370    22.697     7.24    7.60
   2632.426    25.494     7.44    5.59
   3008.481    25.882     1.03    4.82
   3384.535    26.277     1.05    4.29
   3760.588    26.724     1.19    3.46
   4136.639    27.827     2.93    3.86
   4512.689    29.409     4.21    2.93
   4888.738    29.697     0.77    2.52
   5264.786    28.211    -3.95    5.25
   5640.832    24.947    -8.68    5.59
   6016.877    23.827    -2.98    5.31
   6392.920    24.109     0.75    5.94
   6768.963    26.639     6.73    6.46
   7145.004    28.022     3.68    5.47
   7521.044    27.941    -0.22    5.37
   7897.082    26.346    -4.24    4.76
   8273.119    25.058    -3.43    4.05
   8649.155    24.319    -1.96    4.16
   9025.190    22.699    -4.31    2.87
   9401.223    22.058    -1.70    3.23
   9777.255    21.545    -1.36    2.76
  10153.286    21.887     0.91    3.04
  10529.316    23.424     4.09    4.26
  10905.344    25.909     6.61    5.40
  11281.371    28.002     5.57    5.42
  11657.397    28.076     0.20    5.32
  12033.421    27.113    -2.56    4.91
  12409.445    24.779    -6.21    4.56
  12785.467    22.442    -6.21    3.75
  13161.487    22.099    -0.91    3.88
  13537.507    22.382     0.75    4.19
  13913.525    22.461     0.21    3.87
  14289.542    23.086     1.66    5.12
  14665.558    24.212     2.99    5.56
  15041.572    25.941     4.60    5.56
  15417.585    26.596     1.74    5.87
  15793.597    26.955     0.95    5.38
  16169.608    23.340    -9.62    6.81
  16545.618    19.356   -10.59    6.29
  16921.626    16.340    -8.02    4.84
  17297.633    14.032    -6.14    3.65
  17673.639    14.030    -0.01    4.60
  18049.643    16.184     5.73    6.42
  18425.647    19.995    10.14    7.04
  18801.649    23.643     9.70    5.57
  19177.649    24.277     1.69    5.19
  19553.649    24.296     0.05    5.69
  19929.647    21.474    -7.50    7.30
  20305.645    20.514    -2.55    6.92
  20681.641    18.887    -4.33    7.15
  21057.635    18.135    -2.00    6.25
  21433.629    18.172     0.10    5.67
  21809.621    17.540    -1.68    5.18
  22185.612    16.488    -2.80    5.42
  22561.602    17.058     1.52    5.00
  22937.591    17.806     1.99    5.00
  23313.722    18.417     1.63    4.42
  23689.955    18.249    -0.44    3.63
  24066.186    18.010    -0.64    3.08
  24442.416    17.427    -1.55    3.13
  24818.644    16.860    -1.51    3.59
  25194.872    17.049     0.50    4.18
  25571.098    18.211     3.09    5.12
  25947.323    18.382     0.45    5.37
  26323.547    17.674    -1.88    4.76
  26699.770    16.494    -3.14    4.25
  27075.991    15.562    -2.48    2.69
  27452.211    15.981     1.11    2.79
  27828.431    15.856    -0.33    3.01
  28204.648    16.109     0.67    3.23
  28580.865    16.103    -0.02    3.26
  28957.081    16.135     0.08    3.06
  29333.295    15.947    -0.50    2.98
  29709.508    15.648    -0.80    2.71
  30085.720    15.314    -0.89    3.35
  30461.931    16.037     1.92    4.38
  30838.140    15.263    -2.06    4.00
  31214.349    15.968     1.87    4.21
  31590.556    15.558    -1.09    3.63
  31966.762    15.319    -0.63    3.72
  32342.967    14.780    -1.43    3.43
  32719.171    13.698    -2.88    2.98
  33095.373    13.545    -0.41    2.71
  33471.575    14.535     2.63    3.52
  33847.775    13.981    -1.47    3.65
  34223.974    13.853    -0.34    3.57
  34600.172    13.237    -1.64    2.72
  34976.369    12.427    -2.15    2.00
  35352.564    13.699     3.38    4.06
  35728.759    15.589     5.03    5.76
  36104.952    15.211    -1.01    4.90
  36481.144    15.941     1.94    5.51
  36857.335    15.943     0.01    5.66
  37233.525    15.314    -1.67    5.56
  37609.714    13.698    -4.30    3.70
  37985.901    12.641    -2.81    2.41
  38362.087    11.935    -1.88    1.44
  38738.273    11.641    -0.78    1.34
  39114.457    11.461    -0.48    1.27
  39490.640    11.596     0.36    1.81
  39866.821    11.481    -0.31    2.39
  40243.002    10.646    -2.22    2.25
  40619.182    10.263    -1.02    2.34
  40995.360    10.494     0.61    3.13
  41371.537    11.211     1.91    4.72
  41747.713    12.724     4.02    5.63
  42123.888    13.049     0.86    5.78
  42500.062    12.806    -0.65    5.52
  42876.235    12.616    -0.50    5.31
  43252.407    11.639    -2.60    4.81
  43628.577    10.878    -2.02    4.81
  44004.747    11.032     0.41    4.96
  44380.915    10.141    -2.37    4.09
  44757.082    11.622     3.94    4.54
  45133.248    13.197     4.19    5.23
  45509.413    13.643     1.19    5.95
  45885.577    13.083    -1.49    5.95
  46261.740    11.535    -4.12    6.10
  46637.901    10.882    -1.74    5.80
  47014.062     9.435    -3.85    4.70
  47390.221    10.474     2.76    5.26
  47766.379    11.562     2.89    5.65
  48142.536    10.024    -4.09    4.93
  48518.693     9.032    -2.64    3.90
  48894.848     8.363    -1.78    2.65
  49271.001     8.535     0.46    2.66
  49647.154    10.616     5.53    5.86
  50023.306    12.830     5.88    7.42
  50399.457    16.314     9.26    7.87
  50775.606    17.141     2.20    7.59
  51151.754    16.724    -1.11    6.62
  51527.902    15.646    -2.87    7.19
  51904.048    14.030    -4.29    7.23
  52280.193    12.224    -4.80    7.34
  52656.337     9.212    -8.01    5.74
  53032.480     9.277     0.17    6.57
  53408.622    10.808     4.07    8.80
  53784.763    10.007    -2.13    8.37
  54160.903     8.589    -3.77    7.10
  54537.042     7.574    -2.70    6.17
  54913.179     6.827    -1.99    5.52
  55289.316     5.896    -2.48    4.09
  55665.451     5.887    -0.02    4.31
  56041.586     5.049    -2.23    4.18
  56417.719     4.067    -2.61    3.02
  56793.851     4.007    -0.16    2.96
  57169.983     4.427     1.12    3.20
  57546.113     5.474     2.78    5.35
  57922.242     5.032    -1.18    4.26
  58298.370     4.409    -1.66    2.31
  58674.497     4.806     1.06    3.58
  59050.623     4.263    -1.44    3.89
  59426.748     3.340    -2.45    4.11
  59802.872     2.502    -2.23    3.85
  60178.995     1.622    -2.34    2.51
  60555.116     2.197     1.53    3.67
  60931.237     4.093     5.04    6.30
  61307.357     6.904     7.47    8.20
  61683.476     6.881    -0.06    8.07
  62059.593     5.833    -2.79    6.37
  62435.710     4.346    -3.95    4.98
  62811.825     3.076    -3.38    2.39
  63187.940     2.955    -0.32    2.42
  63564.053     2.562    -1.04    1.50
  63940.166     2.801     0.64    1.16
  64316.277     3.135     0.89    1.31
  64692.387     3.237     0.27    1.32
  65068.497     4.670     3.81    4.64
  65444.605     5.853     3.14    5.85
  65820.712     6.083     0.61    5.85
  66196.819     5.474    -1.62    6.08
  66572.924     3.224    -5.98    3.03
  66949.028     2.157    -2.84    0.99
  67325.132     2.400     0.65    2.93
  67701.234     2.827     1.14    4.44
  68077.335     3.381     1.47    4.25
  68453.435     8.314    13.12    7.55
  68829.534    12.135    10.16    7.28
  69205.633    12.974     2.23    5.63
  69581.730    14.007     2.74    4.20
  69957.826    14.076     0.18    3.41
  70333.921    14.622     1.45    3.19
  70710.015    15.277     1.74    2.93
  71086.108    15.540     0.70    2.87
  71462.201    14.698    -2.24    2.63
  71838.292    13.442    -3.34    3.03
  72214.382    12.777    -1.77    3.26
  72590.471    13.346     1.51    3.55
  72966.559    14.427     2.87    3.42
  73342.647    14.724     0.79    4.98
  73718.733    14.860     0.36    5.83
  74094.818    14.887     0.07    6.45
  74470.902    15.019     0.35    6.23
  74846.986    14.801    -0.58    6.04
  75223.068    15.699     2.39    4.72
  75599.149    16.086     1.03    4.10
  75975.230    14.699    -3.69    4.29
  76351.309    13.914    -2.09    5.07
  76727.387    12.172    -4.63    5.96
  77103.465    10.540    -4.34    5.75
  77479.541    10.827     0.76    5.62
  77855.617    11.157     0.88    5.68
  78231.691    10.382    -2.06    5.55
  78607.765    10.599     0.58    5.54
  78983.838    10.336    -0.70    6.15
  79359.909    10.198    -0.37    6.50
  79735.980    10.265     0.18    6.48
  80112.050     9.833    -1.15    6.29
  80488.118     7.238    -6.90    7.38
  80864.186     5.141    -5.58    7.69
  81240.253     2.699    -6.49    7.45
  81616.319     0.494    -5.86    6.58
  81992.384     0.860     0.97    7.22
  82368.448     1.340     1.28    7.55
  82744.511     2.130     2.10    8.23
  83120.573    -0.199    -6.19    5.86
  83496.634    -1.197    -2.65    4.53
  83872.694     2.263     9.20    7.91
  84248.754     7.363    13.56    8.89
  84624.812    12.303    13.14    6.67
  85000.870    13.904     4.26    4.05
  85376.926     9.324   -12.18    7.83
  85752.982     4.750   -12.16    8.06
  86129.036     0.292   -11.85    5.53
  86505.090    -1.762    -5.46    2.18
  86881.143     2.022    10.06    7.20
  87257.194     6.141    10.95    7.91
  87633.245    10.198    10.79    6.52
  88009.295    12.383     5.81    3.54
  88385.344    10.103    -6.06    5.95
  88761.393     5.314   -12.73    7.25
  89137.440     1.488   -10.18    6.27
  89513.486    -1.250    -7.28    3.73
  89889.532    -2.276    -2.73    0.00
  90265.576    -2.276     0.00    0.00
  90641.620    -2.276     0.00    0.00
  91017.662    -2.276     0.00    0.00
  91393.704    -2.276     0.00    0.00
  91769.745    -2.076     0.53    1.02
  92145.785     0.853     7.79    6.12
  92521.824     3.904     8.11    7.44
  92897.862     7.324     9.10    7.75
  93273.899    11.076     9.98    7.57
  93649.936    11.474     1.06    7.89
  94025.971    12.646     3.11    7.88
  94402.006    15.199     6.79    6.63
  94778.039    16.319     2.98    5.94
  95154.072    17.330     2.69    4.44
  95530.104    17.251    -0.21    3.89
  95906.135    15.853    -3.72    3.93
  96282.165    14.914    -2.50    3.96
  96658.194    14.149    -2.03    2.95
  97034.223    12.988    -3.09    4.10
  97410.250    12.346    -1.71    4.14
  97786.277    12.427     0.22    3.78
  98162.302    12.474     0.13    3.68
  98538.500    12.699     0.60    2.52
  98914.707    12.827     0.34    2.30
  99290.913    12.667    -0.42    2.45
  99667.118    12.961     0.78    2.70
 100043.323    13.157     0.52    3.40
 100419.526    12.169    -2.63    4.13
 100795.729    12.340     0.45    4.01
 101171.931    12.454     0.30    3.87
 101548.132    12.160    -0.78    3.40
 101924.332    12.751     1.57    2.54
 102300.532    12.249    -1.33    2.43
 102676.730    12.076    -0.46    2.28
 103052.928    11.824    -0.67    3.41
 103429.124    11.519    -0.81    4.18
 103805.320    10.974    -1.45    4.73
 104181.515    11.103     0.34    3.95
 104557.709    10.373    -1.94    2.55
 104933.903    10.319    -0.14    2.34
 105310.095    11.212     2.37    2.80
 105686.287    12.169     2.54    2.59
 106062.478    12.827     1.75    2.68
 106438.668    13.198     0.99    2.84
 106814.857    13.252     0.14    2.81
 107191.045    13.058    -0.52    2.62
 107567.233    13.391     0.89    3.42
 107943.419    13.119    -0.72    4.09
 108319.605    13.141     0.06    4.47
 108695.790    12.853    -0.77    4.09
 109071.974    11.400    -3.86    4.33
 109448.157    11.237    -0.43    3.44
 109824.340    10.724    -1.36    3.20
 110200.521    10.896     0.46    3.62
 110576.702    12.184     3.42    3.98
 110952.882    13.454     3.38    3.62
 111329.061    15.616     5.75    4.27
 111705.240    15.697     0.22    5.92
 112081.417    13.308    -6.35    7.89
 112457.594    11.199    -5.60    9.22
 112833.770    11.827     1.67    9.32
 113209.945    14.968     8.35    8.79
 113586.119    18.251     8.73    6.00
 113962.293    18.672     1.12    4.56
 114338.466    17.596    -2.86    4.78
 114714.638    15.643    -5.19    7.11
 115090.809    12.904    -7.28    7.88
 115466.979     7.974   -13.10    6.50
 115843.148     6.391    -4.21    5.11
 116219.317     7.981     4.23    6.73
 116595.485    11.318     8.87    7.58
 116971.652    14.454     8.34    7.23
 117347.818    14.535     0.22    7.49
 117723.984    12.184    -6.25    7.11
 118100.149     9.909    -6.05    6.29
 118476.313    11.113     3.20    7.57
 118852.476    15.135    10.69    7.79
 119228.638    16.853     4.57    7.17
 119604.800    17.211     0.95    7.46
 119980.961    17.751     1.44    7.26
 120357.121    19.212     3.88    6.58
 120733.280    20.930     4.57    5.22
 121109.438    22.697     4.70    2.75
 121485.596    22.724     0.07    2.64
 121861.753    22.265    -1.22    2.97
 122237.909    22.040    -0.60    3.63
 122614.065    22.643     1.60    3.27
 122990.219    23.412     2.04    3.02
 123366.373    24.468     2.81    2.67
 123742.526    24.935     1.24    2.24
 124118.678    24.836    -0.26    2.30
 124494.830    23.776    -2.82    2.57
 124870.981    22.641    -3.02    2.89
 125247.131    21.186    -3.87    3.53
 125623.280    19.382    -4.79    3.35
 125999.429    19.779     1.05    3.27
 126375.577    20.593     2.17    3.64
 126751.724    22.007     3.76    3.52
 127127.870    23.468     3.89    2.65
 127504.015    23.336    -0.35    2.21
 127880.160    23.032    -0.81    2.05
 128256.304    22.619    -1.10    1.91
 128632.448    22.292    -0.87    1.74
 129008.590    22.346     0.14    1.83
 129384.732    22.724     1.01    2.13
 129760.873    22.827     0.27    2.16
 130137.014    22.424    -1.07    2.15
 130513.153    22.280    -0.38    2.01
 130889.292    22.212    -0.18    1.86
 131265.430    22.280     0.18    1.80
 131641.568    22.698     1.11    2.11
 132017.705    22.391    -0.82    2.56
 132393.841    21.067    -3.52    4.40
 132769.976    18.014    -8.12    5.33
 133146.110    15.032    -7.93    4.35
 133522.244    14.349    -1.82    3.60
 133898.377    15.211     2.29    3.85
 134274.510    16.574     3.63    3.33
 134650.641    17.409     2.22    3.06
 135026.772    17.806     1.06    2.76
 135402.903    18.157     0.93    1.83
 135779.032    18.613     1.21    1.56
 136155.161    18.776     0.43    1.45
 136531.289    18.999     0.59    1.41
 136907.417    19.336     0.89    1.40
 137283.543    18.999    -0.89    1.62
 137659.669    19.014     0.04    1.51
 138035.795    18.751    -0.70    1.38
 138411.919    19.330     1.54    2.67
 138788.043    18.750    -1.54    2.92
 139164.167    18.558    -0.51    2.74
 139540.289    18.058    -1.33    2.47
 139916.411    17.391    -1.77    1.92
 140292.532    17.582     0.51    2.03
 140668.653    17.571    -0.03    2.05
 141044.773    18.058     1.30    2.26
 141420.892    18.941     2.35    2.93
 141797.010    18.022    -2.44    2.34
 142173.128    17.211    -2.16    1.76
 142549.245    16.468    -1.98    1.74
 142925.361    15.981    -1.30    1.79
 143301.477    15.454    -1.40    1.66
 143677.592    15.289    -0.44    1.41
 144053.706    15.330     0.11    1.55
 144429.820    15.698     0.98    1.94
 144805.933    15.806     0.29    2.05
 145182.046    16.186     1.01    2.42
 145558.157    16.724     1.43    2.86
 145934.268    17.141     1.11    3.62
 146310.379    17.777     1.69    3.97
 146686.488    19.308     4.07    4.37
 147062.597    20.801     3.97    4.96
 147438.706    22.930     5.66    4.66
 147814.814    25.381     6.52    3.37
 148190.921    25.724     0.91    2.56
 148567.027    24.860    -2.30    2.68
 148943.133    24.724    -0.36    2.58
 149319.238    23.673    -2.80    2.16
 149695.342    22.833    -2.24    1.98
 150071.446    22.032    -2.13    2.12
 150447.549    20.827    -3.20    1.83
 150823.652    20.442    -1.02    1.61
 151199.754    20.481     0.10    1.77
 151575.855    21.186     1.87    1.92
 151951.956    21.751     1.50    1.75
 152328.056    22.586     2.22    1.57
 152704.155    23.076     1.30    1.48
 153080.254    23.197     0.32    1.73
 153456.352    23.508     0.83    1.51
 153832.450    23.417    -0.24    1.42
 154208.546    23.318    -0.26    1.36
 154584.643    23.435     0.31    1.83
 154960.738    23.382    -0.14    2.04
 155336.833    22.919    -1.23    2.20
 155712.928    22.827    -0.24    2.45
 156089.021    22.697    -0.34    2.57
 156465.114    22.058    -1.70    2.30
 156841.207    22.093     0.09    3.01
 157217.299    23.083     2.63    3.39
 157593.390    23.995     2.42    3.56
 157969.481    24.619     1.66    2.82
 158345.571    24.519    -0.27    2.57
 158721.660    23.113    -3.74    2.09
 159097.749    22.454    -1.75    2.16
 159473.837    21.643    -2.16    2.13
 159849.925    21.103    -1.44    1.82
 160226.012    20.508    -1.58    1.57
 160602.098    20.296    -0.56    1.60
 160978.184    20.249    -0.12    1.60
 161354.270    20.251     0.00    1.81
 161730.354    20.130    -0.32    1.64
 162106.438    20.160     0.08    1.65
 162482.522    20.224     0.17    1.57
 162858.605    20.330     0.28    1.52
 163234.687    20.567     0.63    1.55
 163610.769    20.340    -0.60    2.06
 163986.850    20.197    -0.38    1.34
 164362.930    19.856    -0.91    1.65
 164739.010    19.474    -1.01    1.60
 165115.090    19.353    -0.32    1.70
 165491.169    19.265    -0.23    1.76
 165867.247    18.589    -1.80    1.84
 166243.324    18.724     0.36    1.83
 166619.402    19.211     1.29    1.85
 166995.478    19.530     0.85    1.80
 167371.554    19.622     0.24    1.93
 167747.629    19.442    -0.48    1.86
 168123.704    19.238    -0.54    1.91
 168499.778    19.461     0.59    1.97
 168875.852    18.853    -1.62    2.34
 169251.925    18.776    -0.20    2.53
 169627.998    18.724    -0.14    2.68
 170004.070    19.237     1.36    2.75
 170380.141    19.336     0.26    2.84
 170756.212    20.119     2.08    2.79
 171132.283    20.172     0.14    3.06
 171508.352    20.474     0.80    3.27
 171884.422    20.827     0.94    3.18
 172260.490    20.697    -0.34    2.72
 172636.559    20.669    -0.08    2.63
 173012.626    20.833     0.44    2.14
 173388.726    20.530    -0.80    2.08
 173764.902    20.461    -0.18    2.97
 174141.078    20.672     0.56    3.42
 174517.254    20.616    -0.15    3.46
 174893.428    20.391    -0.60    3.50
 175269.603    20.032    -0.95    3.61
 175645.777    19.853    -0.48    3.44
 176021.950    20.346     1.31    3.25
 176398.123    20.827     1.28    3.08
 176774.295    21.643     2.17    2.50
 177150.466    21.346    -0.79    3.19
 177526.638    19.914    -3.81    4.47
 177902.808    18.872    -2.77    4.59
 178278.978    17.827    -2.78    3.60
 178655.148    17.545    -0.75    2.72
 179031.317    17.836     0.77    2.28
 179407.486    17.777    -0.16    2.00
 179783.654    17.474    -0.80    2.60
 180159.821    18.356     2.34    3.19
 180535.988    19.007     1.73    3.43
 180912.155    19.346     0.90    2.91
 181288.321    19.803     1.22    2.26
 181664.486    20.224     1.12    2.00
 182040.652    20.160    -0.17    1.82
 182416.816    19.535    -1.66    3.21
 182792.980    18.494    -2.77    4.35
 183169.144    17.458    -2.75    4.68
