# NaN NaN NaN ;Mean Elev.(m), Avg Gradient(m/km), RMS Gradient(m/km) - SRTM1     
#   64.423  -0.914   3.878 ;Mean Elev.(m), Avg Gradient(m/km), RMS Gradient(m/km) - ASTER GDEM
#   81.017  -0.734   2.490 ;Mean Elev.(m), Avg Gradient(m/km), RMS Gradient(m/km) - GMTED2010 
  7    73.068 52473.55110505 29.23 310.826332  -5.345085 16.053
  7    72.906 52473.55110570 23.36 310.825602  -5.348395 16.053
  7    72.898 52473.55110634 15.23 310.824872  -5.351695 16.053
  8    69.031 52508.55107339 23.88 310.831848  -5.346925 11.748
  8    69.555 52508.55107404 15.29 310.831118  -5.350235 11.748
  8    71.284 52508.55107468 12.49 310.830388  -5.353535 11.748
  9    71.396 52543.55106204 32.12 310.837438  -5.343360 10.925
  9    71.244 52543.55106268 31.45 310.836708  -5.346670 10.925
  9    71.050 52543.55106333 30.59 310.835978  -5.349970 10.925
  9    70.814 52543.55106397 29.76 310.835248  -5.353280 10.925
 10    75.803 52578.55110936 24.58 310.827090  -5.345360  7.146
 10    71.963 52578.55111001 25.18 310.826359  -5.348665 20.025
 10    71.443 52578.55111065 21.83 310.825629  -5.351965 20.025
 11    72.400 52613.55107516 25.66 310.827769  -5.346146  7.547
 11    72.333 52613.55107581 27.29 310.827039  -5.349456  7.547
 11    72.604 52613.55107645 26.05 310.826309  -5.352756  7.547
 12    74.793 52648.55105672 30.80 310.832581  -5.345873 13.591
 12    74.750 52648.55105737 30.83 310.831851  -5.349173 13.591
 12    74.512 52648.55105801 28.53 310.831121  -5.352483 13.591
 13    76.479 52683.55103327 48.44 310.838099  -5.343477 12.649
 13    76.577 52683.55103391 49.15 310.837373  -5.346783 21.577
 13    76.365 52683.55103456 44.98 310.836643  -5.350083 21.577
 13    76.310 52683.55103520 42.14 310.835913  -5.353393 21.577
 14  -130.738 52718.55109012 27.58 310.827777  -5.347075  9.954
 14  -130.791 52718.55109077 24.75 310.827037  -5.350385  9.954
 15    79.286 52753.55111477 32.42 310.818786  -5.346666 10.776
 15    79.056 52753.55111541 24.44 310.818056  -5.349966 10.776
 15    79.453 52753.55111606 21.55 310.817331  -5.353272 18.393
 16    76.138 52788.55106086 34.53 310.828727  -5.346949 15.354
 16    76.054 52788.55106150 34.39 310.827997  -5.350259 15.354
 16    75.973 52788.55106215 36.24 310.827267  -5.353559 15.354
 17    74.183 52823.55113217 21.88 310.830588  -5.347423 11.813
 17    74.073 52823.55113282 22.50 310.829848  -5.350733 11.813
 18    73.073 52858.55117802 29.79 310.833732  -5.344456 11.728
 18    72.943 52858.55117866 26.18 310.833002  -5.347766 11.728
 18    72.262 52858.55117931 26.81 310.832272  -5.351066 11.728
 19    71.770 52893.55121035 20.64 310.827071  -5.347684  6.933
 19    71.380 52893.55121099 16.39 310.826341  -5.350994  6.933
 20    71.441 52928.55116077 33.16 310.828315  -5.346314 12.174
 20    71.518 52928.55116142 35.88 310.827585  -5.349624 12.174
 20    71.663 52928.55116206 31.53 310.826855  -5.352924 12.174
 21    73.200 52963.55114073 41.92 310.835613  -5.344040  9.306
 21    73.703 52963.55114138 35.37 310.834883  -5.347340  9.306
 21    73.120 52963.55114202 31.87 310.834153  -5.350650  9.306
 21    73.058 52963.55114266 36.89 310.833423  -5.353950  9.306
 22    73.838 52998.55117953 42.83 310.825120  -5.347805 11.181
 22    74.078 52998.55118017 42.52 310.824390  -5.351115 11.181
 23    78.707 53033.55113299 30.78 310.828715  -5.346634 10.740
 23    78.353 53033.55113363 29.79 310.827995  -5.349934 10.740
 23    78.547 53033.55113428 30.50 310.827255  -5.353244 10.740
 24    82.570 53068.55114701 37.70 310.832267  -5.344963 28.250
 24    82.471 53068.55114766 34.94 310.831537  -5.348263 28.250
 24    82.422 53068.55114830 35.16 310.830807  -5.351573 28.250
 25    82.235 53103.55113454 38.57 310.828312  -5.345083 29.433
 25    81.981 53103.55113518 33.55 310.827572  -5.348393 29.433
 25    81.874 53103.55113583 30.64 310.826852  -5.351693 29.433
 26    78.764 53138.55115103 30.80 310.833304  -5.346156 23.096
 26    78.442 53138.55115167 23.92 310.832574  -5.349456 23.096
 26    78.110 53138.55115232 21.07 310.831844  -5.352756 23.096
 27    75.519 53173.55119268 37.50 310.829221  -5.344871 16.857
 27    75.421 53173.55119333 31.56 310.828491  -5.348181 16.857
 27    75.276 53173.55119397 31.16 310.827761  -5.351481 16.857
 28    73.788 53208.55120941 23.54 310.828285  -5.347639 20.847
 28    73.745 53208.55121006 17.03 310.827555  -5.350939 20.847
 29    71.921 53243.55117627 25.71 310.833318  -5.345235 17.137
 29    71.612 53243.55117692 25.08 310.832588  -5.348545 17.137
 29    71.630 53243.55117756 23.14 310.831858  -5.351845 17.137
 30    71.796 53278.55115372 22.42 310.829495  -5.345575 20.760
 30    71.556 53278.55115436 18.46 310.828765  -5.348875 20.760
 30    71.373 53278.55115501 16.32 310.828035  -5.352175 20.760
 31    72.256 53313.55118174 27.81 310.828816  -5.345932 19.184
 31    71.931 53313.55118238 20.00 310.828086  -5.349242 19.184
 31    71.947 53313.55118302 17.96 310.827356  -5.352542 19.184
 32    73.799 53348.55114742 36.55 310.833096  -5.346155 21.774
 32    73.840 53348.55114806 33.81 310.832366  -5.349455 21.774
 32    73.726 53348.55114871 35.82 310.831636  -5.352765 21.774
 33    74.513 53383.55111744 40.75 310.830840  -5.345178 17.085
 33    74.581 53383.55111809 35.14 310.830110  -5.348488 17.085
 33    74.322 53383.55111873 36.24 310.829380  -5.351788 17.085
 34    78.162 53418.55112628 32.90 310.839254  -5.343131 18.503
 34    78.110 53418.55112692 30.81 310.838524  -5.346441 18.503
 34    77.926 53418.55112757 30.36 310.837794  -5.349741 18.503
 34    77.824 53418.55112821 26.35 310.837064  -5.353051 18.503
 35    81.674 53453.55113117 29.95 310.832117  -5.346833 24.291
 35    81.265 53453.55113182 27.85 310.831387  -5.350143 24.291
 35    81.150 53453.55113246 28.41 310.830657  -5.353443 24.291
 36    78.462 53488.55121616 30.49 310.822710  -5.346132 15.310
 36    77.940 53488.55121681 27.83 310.821980  -5.349442 15.310
 36    78.078 53488.55121745 26.69 310.821250  -5.352742 15.310
 37    76.474 53523.55120401 35.58 310.833789  -5.345152 17.217
 37    76.063 53523.55120465 33.44 310.833059  -5.348452 17.217
 37    76.001 53523.55120530 32.12 310.832329  -5.351762 17.217
 38    74.216 53558.55123095 29.55 310.823510  -5.345746 22.768
 38    74.373 53558.55123159 34.94 310.822780  -5.349056 22.768
 38    74.404 53558.55123224 38.98 310.822050  -5.352356 22.768
 39    72.715 53593.55116754 28.52 310.838397  -5.344355 15.691
 39    72.469 53593.55116818 25.30 310.837667  -5.347655 15.691
 39    72.078 53593.55116883 24.24 310.836937  -5.350965 15.691
 39    73.181 53593.55116947 19.63 310.836207  -5.354265 15.691
 40    71.631 53628.55115969 32.06 310.823913  -5.344978 18.918
 40    71.786 53628.55116034 25.04 310.823183  -5.348288 18.918
 40    71.503 53628.55116098 16.31 310.822453  -5.351588 18.918
 41    71.673 53663.55118449 27.93 310.827232  -5.345882 20.444
 41    71.366 53663.55118514 19.38 310.826502  -5.349192 20.444
 41    80.213 53663.55118578 25.86 310.825772  -5.352492 20.444
 42    73.112 53698.55114535 45.22 310.831809  -5.346554 17.284
 42    72.975 53698.55114599 42.96 310.831079  -5.349854 17.284
 42    72.697 53698.55114663 37.92 310.830349  -5.353154 17.284
 43    75.822 53733.55106721 50.02 310.836176  -5.344373 21.859
 43    76.176 53733.55106785 49.05 310.835446  -5.347683 21.859
 43    75.930 53733.55106849 44.99 310.834716  -5.350983 21.859
 43    75.777 53733.55106914 42.80 310.833986  -5.354283 21.859
 44    75.895 53768.55104832 47.10 310.836400  -5.345748 21.726
 44    75.905 53768.55104897 47.92 310.835670  -5.349048 21.726
 44    75.919 53768.55104961 47.81 310.834940  -5.352358 21.726
 45    78.011 53803.55104514 35.44 310.835754  -5.343787 15.721
 45    77.955 53803.55104578 33.27 310.835024  -5.347087 15.721
 45    77.644 53803.55104643 31.74 310.834294  -5.350387 15.721
 45    77.577 53803.55104707 29.24 310.833554  -5.353697 15.721
 46    81.297 53838.55106265 28.35 310.829025  -5.347389 27.045
 46    81.228 53838.55106329 26.79 310.828295  -5.350689 27.045
 47    80.518 53873.55111049 36.52 310.831690  -5.344531 22.973
 47    80.191 53873.55111113 29.16 310.830960  -5.347831 22.973
 47    80.207 53873.55111178 30.36 310.830230  -5.351141 22.973
 48    75.669 53908.55115385 27.27 310.825762  -5.346061 16.662
 48    74.783 53908.55115450 27.35 310.825032  -5.349371 16.662
 48    75.096 53908.55115514 30.79 310.824302  -5.352671 16.662
 49    75.825 53943.55117826 19.20 310.821435  -5.345404 14.535
 49    73.263 53943.55117890 18.29 310.820705  -5.348704 14.535
 49    73.049 53943.55117955 15.69 310.819975  -5.352014 14.535
 50    71.808 53978.55112935 23.09 310.828801  -5.347090 16.177
 50    71.369 53978.55112999 20.50 310.828071  -5.350400 16.177
 51    72.010 54013.55114006 16.96 310.831530  -5.346868 12.718
 51    71.803 54013.55114071 17.23 310.830800  -5.350178 12.718
 51    71.390 54013.55114135 16.77 310.830070  -5.353478 12.718
 52    73.714 54048.55114730 42.73 310.837998  -5.343438 16.809
 52    73.911 54048.55114795 35.20 310.837268  -5.346738 16.809
 52    73.204 54048.55114859 28.39 310.836538  -5.350048 16.809
 52    72.850 54048.55114924 26.26 310.835808  -5.353348 16.809
 54    75.662 54118.55106963 31.86 310.831863  -5.346030 15.758
 54    75.628 54118.55107027 31.13 310.831143  -5.349330 15.758
 54    75.491 54118.55107092 38.00 310.830403  -5.352640 15.758
 55    79.754 54153.55109480 39.12 310.829753  -5.345264 23.618
 55    79.793 54153.55109544 36.15 310.829023  -5.348564 23.618
 55    79.721 54153.55109609 31.88 310.828293  -5.351874 23.618
 56    79.948 54188.55106460 34.00 310.831649  -5.346120 26.795
 56    79.822 54188.55106525 29.94 310.830929  -5.349420 26.795
 56    79.844 54188.55106589 28.53 310.830197  -5.352727 21.735
 57    77.730 54223.55110468 29.66 310.829183  -5.347536 14.056
 57    77.688 54223.55110532 28.54 310.828463  -5.350836 14.056
 58    74.864 54258.55112624 31.69 310.830897  -5.346834 10.124
 58    74.740 54258.55112689 30.95 310.830157  -5.350144 10.124
 58    74.688 54258.55112753 30.05 310.829437  -5.353444 10.124
 59    72.953 54293.55112930 25.64 310.832074  -5.345111  8.920
 59    73.175 54293.55112994 25.78 310.831344  -5.348411  8.920
 59    73.250 54293.55113059 24.85 310.830604  -5.351721  8.920
 60    75.720 54328.55112394 17.17 310.833212  -5.346063 10.549
 60    75.325 54328.55112458 14.15 310.832472  -5.349373 10.549
 60    83.952 54328.55112522 11.74 310.831752  -5.352673 10.549
 61    71.977 54363.55107154 26.51 310.831890  -5.346296 10.783
 61    71.568 54363.55107219 24.25 310.831150  -5.349596 10.783
 61    71.384 54363.55107283 24.30 310.830420  -5.352906 10.783
 62    71.929 54398.55106431 20.37 310.832687  -5.345827  9.526
 62    71.884 54398.55106495 17.12 310.831957  -5.349127  9.526
 62    71.360 54398.55106560 17.50 310.831217  -5.352437  9.526
 63    71.909 54433.55102239 32.13 310.832733  -5.346984 12.028
 63    71.954 54433.55102303 31.80 310.832003  -5.350284 12.028
 63    72.308 54433.55102368 31.01 310.831273  -5.353594 12.028
 64    73.681 54468.55104666 33.22 310.833251  -5.344703 11.360
 64    73.526 54468.55104730 32.30 310.832521  -5.348003 11.360
 64    73.402 54468.55104795 30.94 310.831781  -5.351313 11.360
 66    78.427 54538.55106186 41.74 310.833000  -5.344424 31.198
 66    78.357 54538.55106250 36.48 310.832272  -5.347730 22.638
 66    78.187 54538.55106315 29.08 310.831542  -5.351030 22.638
 67    79.943 54573.55103785 39.01 310.833187  -5.344259 24.059
 67    79.707 54573.55103850 30.15 310.832457  -5.347569 24.059
 67    79.660 54573.55103914 27.87 310.831727  -5.350869 24.059
 68    77.718 54608.55105488 28.62 310.831371  -5.344468 29.024
 68    77.589 54608.55105552 23.99 310.830641  -5.347768 29.024
 68    77.573 54608.55105617 21.76 310.829912  -5.351072 16.227
 69    74.800 54643.55106333 39.76 310.831024  -5.344392 18.467
 69    74.736 54643.55106397 43.59 310.830294  -5.347692 18.467
 69    74.729 54643.55106462 44.09 310.829566  -5.350998 21.769
 70    72.288 54678.55106530 30.60 310.829765  -5.347586 15.161
 70    72.401 54678.55106595 28.77 310.829035  -5.350886 15.161
 71    72.042 54713.55101734 34.61 310.833866  -5.344629  9.679
 71    71.448 54713.55101798 25.23 310.833126  -5.347939  9.679
 71    71.124 54713.55101863 20.17 310.832396  -5.351239  9.679
 72    71.882 54748.55103526 27.27 310.829794  -5.346984 13.939
 72    71.655 54748.55103590 24.35 310.829054  -5.350294 13.939
 72    71.378 54748.55103655 24.04 310.828324  -5.353594 13.939
 73    72.110 54783.55100505 28.22 310.832614  -5.344708  6.072
 73    71.717 54783.55100570 22.77 310.831884  -5.348008  6.072
 73    71.344 54783.55100634 20.44 310.831158  -5.351315 12.682
 74    74.515 54818.55102677 29.03 310.831495  -5.345190 10.435
 74    74.165 54818.55102742 29.36 310.830765  -5.348490 10.435
 74    74.341 54818.55102806 28.25 310.830034  -5.351796 20.941
 75    75.391 54853.55100220 28.80 310.832466  -5.345206 18.450
 75    75.151 54853.55100284 28.34 310.831736  -5.348516 18.450
 75    75.220 54853.55100349 26.58 310.831006  -5.351816 18.450
 76    78.826 54888.55103223 27.81 310.829429  -5.345764 25.726
 76    78.554 54888.55103288 24.18 310.828699  -5.349064 25.726
 76    79.030 54888.55103352 20.98 310.827969  -5.352374 25.726
 77    78.597 54923.55100161 33.65 310.830379  -5.345535 22.680
 77    78.422 54923.55100226 24.02 310.829649  -5.348835 22.680
 77    78.428 54923.55100290 21.54 310.828919  -5.352145 22.680
 78    81.496 54958.55102867 29.20 310.829474  -5.347046 30.044
 78    81.564 54958.55102932 28.37 310.828743  -5.350351 25.711
 78    81.767 54958.55102996 29.74 310.828013  -5.353651 25.711
 79    77.549 54993.55105124 32.80 310.828649  -5.344868 27.863
 79    77.309 54993.55105188 23.80 310.827921  -5.348172 20.209
 79    77.164 54993.55105253 22.73 310.827191  -5.351472 20.209
 80    73.944 55028.55104155 28.66 310.831200  -5.346783 15.059
 80    73.712 55028.55104219 28.37 310.830473  -5.350089 19.317
 80    73.667 55028.55104284 29.01 310.829743  -5.353389 19.317
 81    72.301 55063.55103300 34.71 310.831979  -5.345780 10.889
 81    72.092 55063.55103364 37.28 310.831249  -5.349090 10.889
 81    72.001 55063.55103429 35.53 310.830519  -5.352390 10.889
 82    72.130 55098.55097968 28.21 310.830567  -5.346924 13.117
 82    71.272 55098.55098033 26.10 310.829847  -5.350224 13.117
 82    71.319 55098.55098097 24.49 310.829117  -5.353534 13.117
 83    72.062 55133.55097802 26.93 310.830188  -5.347406 18.806
 83    70.704 55133.55097866 27.78 310.829458  -5.350706 18.806
 84    73.555 55168.55094173 25.19 310.833545  -5.343899  7.634
 84    73.473 55168.55094237 24.92 310.832815  -5.347199  7.634
 84    73.935 55168.55094301 29.83 310.832090  -5.350506 22.620
 84    74.005 55168.55094366 35.49 310.831360  -5.353806 22.620
 85    77.918 55203.55097027 36.38 310.830320  -5.346052 22.940
 85    77.845 55203.55097091 31.07 310.829590  -5.349356 19.740
 85    77.892 55203.55097156 31.94 310.828860  -5.352656 19.740
 86    78.490 55238.55095037 31.89 310.830601  -5.347060 17.483
 86    78.220 55238.55095102 28.48 310.829871  -5.350360 17.483
 86    78.393 55238.55095166 28.61 310.829147  -5.353666 18.525
 87    78.315 55273.55096397 29.94 310.830655  -5.347278 18.712
 87    78.286 55273.55096461 28.44 310.829927  -5.350586 15.125
 88    80.241 55308.55093184 33.81 310.832953  -5.344929 22.304
 88    79.770 55308.55093249 28.58 310.832223  -5.348229 22.304
 88    79.799 55308.55093313 26.61 310.831493  -5.351539 22.304
 89    74.546 55343.55093283 30.83 310.832091  -5.346789  8.509
 89    74.845 55343.55093347 27.45 310.831361  -5.350099  8.509
 89    74.836 55343.55093412 28.66 310.830631  -5.353399  8.509
 90    73.614 55378.55092680 31.39 310.832186  -5.344178 14.829
 90    73.546 55378.55092745 33.08 310.831456  -5.347478 14.829
 90    73.643 55378.55092809 31.95 310.830730  -5.350784 23.536
 91    72.021 55413.55095153 23.13 310.831400  -5.346402 10.935
 91    71.725 55413.55095217 20.10 310.830669  -5.349708 19.403
 91    71.387 55413.55095281 17.19 310.829939  -5.353008 19.403
 92    71.825 55448.55094056 36.23 310.832429  -5.346223 10.073
 92    71.389 55448.55094121 24.25 310.831699  -5.349523 10.073
 92    70.888 55448.55094185 20.52 310.830969  -5.352833 10.073
 93    71.615 55483.55086865 32.65 310.833002  -5.346953  8.089
 93    71.336 55483.55086930 19.18 310.832272  -5.350263  8.089
 93    71.173 55483.55086994 15.58 310.831542  -5.353563  8.089
