# NaN NaN NaN ;Mean Elev.(m), Avg Gradient(m/km), RMS Gradient(m/km) - SRTM1     
#   64.423  -0.914   3.878 ;Mean Elev.(m), Avg Gradient(m/km), RMS Gradient(m/km) - ASTER GDEM
#   81.017  -0.734   2.490 ;Mean Elev.(m), Avg Gradient(m/km), RMS Gradient(m/km) - GMTED2010 
  7 310.825602  -5.348392    72.957    72.906  3 52473.55110569 25.594
  8 310.831118  -5.350232    69.957    69.555  3 52508.55107404 19.940
  9 310.836343  -5.348320    71.126    71.147  4 52543.55106301 31.070
 10 310.826359  -5.348663    73.070    71.963  3 52578.55111001 24.089
 11 310.827039  -5.349453    72.446    72.400  3 52613.55107581 26.390
 12 310.831851  -5.349176    74.685    74.750  3 52648.55105737 30.178
 13 310.837007  -5.348434    76.433    76.422  4 52683.55103423 46.987
 14 310.827407  -5.348730  -130.765  -130.765  2 52718.55109045 26.392
 15 310.818058  -5.349968    79.265    79.286  3 52753.55111541 28.587
 16 310.827997  -5.350256    76.055    76.054  3 52788.55106150 35.138
 17 310.830218  -5.349078    74.128    74.128  2 52823.55113250 22.201
 18 310.833002  -5.347763    72.759    72.943  3 52858.55117866 27.895
 19 310.826706  -5.349339    71.575    71.575  2 52893.55121067 19.015
 20 310.827585  -5.349621    71.541    71.518  3 52928.55116142 33.901
 21 310.834518  -5.348995    73.270    73.160  4 52963.55114170 38.032
 22 310.824755  -5.349460    73.958    73.958  2 52998.55117985 42.678
 23 310.827988  -5.349937    78.536    78.547  3 53033.55113363 30.376
 24 310.831537  -5.348266    82.488    82.471  3 53068.55114766 36.124
 25 310.827579  -5.348390    82.030    81.981  3 53103.55113518 35.489
 26 310.832574  -5.349456    78.439    78.442  3 53138.55115167 27.207
 27 310.828491  -5.348178    75.405    75.421  3 53173.55119333 34.452
 28 310.827920  -5.349289    73.767    73.767  2 53208.55120973 21.405
 29 310.832588  -5.348542    71.721    71.630  3 53243.55117692 24.774
 30 310.828765  -5.348875    71.575    71.556  3 53278.55115436 19.816
 31 310.828086  -5.349239    72.045    71.947  3 53313.55118238 24.074
 32 310.832366  -5.349458    73.788    73.799  3 53348.55114806 35.540
 33 310.830110  -5.348485    74.472    74.513  3 53383.55111809 38.097
 34 310.838159  -5.348091    78.006    78.018  4 53418.55112724 30.675
 35 310.831387  -5.350140    81.363    81.265  3 53453.55113182 28.830
 36 310.821980  -5.349439    78.160    78.078  3 53488.55121681 28.639
 37 310.833059  -5.348455    76.179    76.063  3 53523.55120465 33.951
 38 310.822780  -5.349053    74.331    74.373  3 53558.55123159 35.994
 39 310.837302  -5.349310    72.611    72.592  4 53593.55116851 25.463
 40 310.823183  -5.348285    71.640    71.631  3 53628.55116034 28.171
 41 310.826502  -5.349189    74.417    71.673  3 53663.55118514 25.615
 42 310.831079  -5.349854    72.928    72.975  3 53698.55114599 42.954
 43 310.835081  -5.349330    75.926    75.876  4 53733.55106817 47.623
 44 310.835670  -5.349051    75.906    75.905  3 53768.55104897 47.625
 45 310.834656  -5.348739    77.797    77.799  4 53803.55104610 32.986
 46 310.828660  -5.349039    81.263    81.263  2 53838.55106297 27.640
 47 310.830960  -5.347834    80.305    80.207  3 53873.55111113 33.289
 48 310.825032  -5.349368    75.183    75.096  3 53908.55115450 28.801
 49 310.820705  -5.348707    74.046    73.263  3 53943.55117890 17.963
 50 310.828436  -5.348745    71.588    71.588  2 53978.55112967 21.985
 51 310.830800  -5.350175    71.734    71.803  3 54013.55114071 16.991
 52 310.836903  -5.348393    73.420    73.459  4 54048.55114827 37.629
 54 310.831136  -5.349333    75.594    75.628  3 54118.55107027 34.839
 55 310.829023  -5.348567    79.756    79.754  3 54153.55109544 36.637
 56 310.830925  -5.349422    79.871    79.844  3 54188.55106525 31.473
 57 310.828823  -5.349186    77.709    77.709  2 54223.55110500 29.136
 58 310.830164  -5.350141    74.764    74.740  3 54258.55112689 30.948
 59 310.831341  -5.348414    73.126    73.175  3 54293.55112994 25.442
 60 310.832479  -5.349370    78.332    75.720  3 54328.55112458 14.916
 61 310.831153  -5.349599    71.643    71.568  3 54363.55107219 25.154
 62 310.831954  -5.349130    71.724    71.884  3 54398.55106495 18.586
 63 310.832003  -5.350287    72.057    71.954  3 54433.55102303 31.672
 64 310.832518  -5.348006    73.536    73.526  3 54468.55104730 32.252
 66 310.832271  -5.347728    78.324    78.357  3 54538.55106250 38.279
 67 310.832457  -5.347566    79.770    79.707  3 54573.55103850 35.056
 68 310.830641  -5.347769    77.627    77.589  3 54608.55105552 25.753
 69 310.830295  -5.347694    74.755    74.736  3 54643.55106397 42.860
 70 310.829400  -5.349236    72.344    72.344  2 54678.55106563 29.781
 71 310.833129  -5.347936    71.538    71.448  3 54713.55101798 30.451
 72 310.829057  -5.350291    71.638    71.655  3 54748.55103590 25.478
 73 310.831885  -5.348010    71.724    71.717  3 54783.55100570 25.068
 74 310.830765  -5.348492    74.340    74.341  3 54818.55102742 28.905
 75 310.831736  -5.348513    75.254    75.220  3 54853.55100284 28.007
 76 310.828699  -5.349067    78.803    78.826  3 54888.55103288 25.190
 77 310.829649  -5.348838    78.482    78.428  3 54923.55100226 29.562
 78 310.828743  -5.350349    81.609    81.564  3 54958.55102932 29.139
 79 310.827920  -5.348171    77.341    77.309  3 54993.55105188 28.908
 80 310.830472  -5.350087    73.774    73.712  3 55028.55104219 28.688
 81 310.831249  -5.349087    72.131    72.092  3 55063.55103364 35.976
 82 310.829844  -5.350227    71.573    71.319  3 55098.55098033 26.535
 83 310.829823  -5.349056    71.383    71.383  2 55133.55097834 27.376
 84 310.832452  -5.348852    73.742    73.745  4 55168.55094269 31.091
 85 310.829590  -5.349355    77.885    77.892  3 55203.55097091 33.795
 86 310.829873  -5.350362    78.368    78.393  3 55238.55095102 29.965
 87 310.830291  -5.348932    78.300    78.300  2 55273.55096429 29.254
 88 310.832223  -5.348232    79.937    79.799  3 55308.55093249 30.772
 89 310.831361  -5.350096    74.742    74.836  3 55343.55093347 29.210
 90 310.831457  -5.347480    73.601    73.614  3 55378.55092745 32.198
 91 310.830669  -5.349706    71.711    71.725  3 55413.55095217 20.795
 92 310.831699  -5.349526    71.367    71.389  3 55448.55094121 31.834
 93 310.832272  -5.350260    71.375    71.336  3 55483.55086930 28.151
