-305557.486   161.253     0.00    8.51
-305181.460   166.408    13.71    9.46
-304805.439   172.078    15.08    8.97
-304429.421   174.705     6.99    6.95
-304053.408   174.071    -1.69    6.71
-303677.399   168.141   -15.77    9.26
-303301.394   160.368   -20.68   10.00
-302925.392   152.823   -20.07    9.17
-302549.395   146.833   -15.93    8.80
-302173.402   141.368   -14.54    6.27
-301797.413   138.936    -6.47    4.48
-301421.429   139.885     2.52    6.32
-301045.448   143.526     9.68    8.18
-300669.471   148.337    12.80    8.04
-300293.498   152.526    11.14    7.51
-299917.530   154.039     4.02    6.43
-299541.565   156.526     6.62    6.36
-299165.604   159.391     7.62    6.08
-298789.648   165.256    15.60    6.31
-298413.695   169.394    11.01    7.27
-298037.747   173.346    10.51   10.03
-297661.802   176.745     9.04   11.04
-297285.862   177.736     2.64   12.61
-296909.926   178.877     3.03   12.35
-296533.993   180.039     3.09   11.91
-296158.065   181.936     5.05   13.14
-295782.141   182.763     2.20   17.03
-295406.220   180.885    -5.00   18.99
-295030.304   175.603   -14.05   21.46
-294654.392   172.885    -7.23   17.73
-294278.484   168.661   -11.24   13.95
-293902.580   168.251    -1.09   13.05
-293526.680   168.105    -0.39   10.65
-293150.783   167.498    -1.61    9.13
-292774.891   169.201     4.53    8.72
-292399.003   171.607     6.40    8.55
-292023.119   173.295     4.49    9.38
-291647.239   176.757     9.21    9.68
-291271.363   180.132     8.98    9.77
-290895.491   182.789     7.07    8.33
-290519.623   184.174     3.69    6.55
-290143.759   181.715    -6.54    7.83
-289767.899   176.501   -13.87    7.68
-289392.043   172.256   -11.30    6.35
-289016.191   168.064   -11.15    4.60
-288640.342   165.947    -5.63    4.32
-288264.498   163.885    -5.49    4.25
-287888.658   163.039    -2.25    4.89
-287512.822   162.257    -2.08    5.14
-287136.990   161.394    -2.30    6.27
-286761.162   161.554     0.42    7.45
-286385.338   158.418    -8.34    8.19
-286009.518   156.472    -5.18    7.85
-285633.701   156.167    -0.81    5.87
-285257.889   157.936     4.71    6.49
-284882.081   160.640     7.20    7.19
-284506.277   163.769     8.33    6.31
-284130.476   165.607     4.89    6.29
-283754.680   168.904     8.77    7.93
-283378.888   172.676    10.04    8.67
-283003.099   176.228     9.45    7.68
-282627.315   178.368     5.69    5.62
-282251.534   177.552    -2.17    6.80
-281875.758   173.474   -10.85    8.29
-281499.985   171.823    -4.40    7.83
-281124.217   172.176     0.94    8.75
-280748.452   173.263     2.89    9.07
-280372.691   176.942     9.79    8.71
-279996.935   178.418     3.93    9.45
-279621.182   182.283    10.29   11.05
-279245.433   188.423    16.34   11.10
-278869.688   192.859    11.81    9.34
-278493.947   194.440     4.21    7.90
-278118.210   190.931    -9.34    9.81
-277742.477   186.823   -10.93   11.30
-277366.748   182.999   -10.18   12.24
-276991.023   178.526   -11.91   11.78
-276615.301   174.580   -10.50   11.04
-276239.584   170.244   -11.54    7.16
-275863.871   168.552    -4.50    4.96
-275488.161   169.500     2.52    6.33
-275112.456   171.418     5.10    7.99
-274736.754   172.301     2.35    7.21
-274361.056   175.289     7.95    6.29
-273985.363   177.769     6.60    7.61
-273609.673   181.283     9.35    7.56
-273233.987   185.470    11.15    6.94
-272858.305   184.269    -3.20    8.92
-272482.627   180.731    -9.42    8.62
-272106.953   182.039     3.48    8.72
-271731.282   186.310    11.37   10.93
-271355.174   188.877     6.83   11.09
-270978.721   193.710    12.84   13.81
-270602.273   195.001     3.43   18.00
-270225.828   197.120     5.63   20.63
-269849.388   203.295    16.40   19.76
-269472.951   204.157     2.29   20.85
-269096.518   204.654     1.32   17.23
-268720.089   209.472    12.80   14.84
-268343.664   212.626     8.38   12.52
-267967.243   216.921    11.41   10.68
-267590.826   221.931    13.31   11.83
-267214.413   221.947     0.04   13.16
-266838.003   220.220    -4.59   16.50
-266461.598   220.474     0.68   20.19
-266085.196   213.244   -19.21   23.60
-265708.799   212.026    -3.24   25.90
-265332.405   224.093    32.06   32.45
-264956.015   232.985    23.63   30.11
-264579.629   236.769    10.05   26.91
-264203.247   238.826     5.46   26.11
-263826.869   239.607     2.08   25.78
-263450.495   244.346    12.59   26.96
-263074.124   252.947    22.85   24.22
-262697.758   263.321    27.57   24.42
-262321.395   273.715    27.62   24.33
-261945.037   283.782    26.75   24.54
-261568.682   296.789    34.56   19.60
-261192.331   305.526    23.22   18.28
-260815.984   306.263     1.96   20.73
-260439.640   303.470    -7.42   22.38
-260063.301   303.423    -0.12   22.88
-259686.966   304.757     3.54   25.10
-259310.634   317.040    32.64   19.84
-258934.306   329.445    32.96   15.52
-258557.982   334.607    13.72   13.60
-258181.662   333.066    -4.09   14.67
-257805.346   330.326    -7.28   18.31
-257429.034   331.499     3.12   19.19
-257052.725   334.576     8.18   20.33
-256676.421   343.808    24.54   23.49
-256300.120   355.039    29.85   22.47
-255923.823   364.742    25.79   21.05
-255547.530   367.680     7.81   17.53
-255171.241   371.244     9.47   18.66
-254794.956   375.887    12.34   22.66
-254418.674   372.654    -8.59   27.82
-254042.397   356.748   -42.27   40.94
-253666.123   338.078   -49.62   42.57
-253289.853   314.962   -61.44   36.31
-252913.587   299.643   -40.71   30.43
-252537.325   300.147     1.34   36.44
-252161.066   307.421    19.33   40.52
-251784.811   309.631     5.88   36.46
-251408.561   303.474   -16.36   35.65
-251032.314   298.137   -14.19   41.38
-250656.071   270.550   -73.33   32.63
-250279.831   250.680   -52.82   14.20
-249903.596   245.218   -14.52   11.75
-249527.364   245.634     1.11   11.45
-249151.136   245.631    -0.01   11.48
-248774.912   249.090     9.19   10.83
-248398.692   252.442     8.91   11.34
-248022.476   256.808    11.60   13.73
-247646.263   260.942    10.99   13.38
-247270.054   259.603    -3.56   16.87
-246893.849   255.398   -11.18   20.64
-246517.648   249.314   -16.17   23.55
-246141.451   248.688    -1.66   27.00
-245765.257   252.337     9.70   31.48
-245389.068   250.499    -4.88   35.46
-245012.882   245.321   -13.77   37.75
-244636.700   235.958   -24.89   40.31
-244260.521   219.306   -44.27   33.61
-243884.347   204.167   -40.25   18.65
-243508.176   194.447   -25.84   17.76
-243132.009   181.958   -33.20   15.05
-242755.846   173.342   -22.91   10.32
-242379.686   170.833    -6.67    7.65
-242003.531   173.998     8.41   10.13
-241627.379   182.782    23.35   13.98
-241251.231   192.109    24.80   16.45
-240875.087   199.064    18.49   15.30
-240498.946   206.500    19.77   14.11
-240122.810   212.702    16.49   12.85
-239746.677   214.931     5.93   12.42
-239370.548   220.688    15.31   12.55
-238994.422   227.131    17.13   15.56
-238618.301   231.499    11.62   14.82
-238242.183   237.174    15.09   13.83
-237866.069   247.818    28.30   14.20
-237489.958   253.654    15.52   12.27
-237113.852   254.368     1.90   16.43
-236737.749   255.999     4.34   21.15
-236361.650   256.236     0.63   28.89
-235985.555   260.833    12.22   31.84
-235609.463   268.364    20.02   34.06
-235233.375   266.167    -5.84   28.67
-234857.291   263.554    -6.95   25.08
-234481.211   263.859     0.81   19.96
-234105.135   266.987     8.32   15.95
-233729.062   275.526    22.71   19.22
-233352.993   298.684    61.58   45.44
-232976.927   332.174    89.06   55.58
-232600.866   354.368    59.02   53.99
-232224.808   375.868    57.18   47.14
-231848.754   385.877    26.62   36.37
-231472.704   372.087   -36.67   47.64
-231096.657   353.244   -50.11   55.19
-230720.614   327.552   -68.33   58.88
-230344.575   311.603   -42.42   66.51
-229968.540   308.885    -7.23   71.59
-229592.508   309.013     0.34   79.62
-229216.480   311.201     5.82   82.63
-228840.456   320.295    24.18   81.61
-228464.435   327.470    19.08   78.10
-228088.418   320.346   -18.95   80.43
-227712.405   320.987     1.70   75.72
-227336.396   301.261   -52.47   74.37
-226960.390   296.710   -12.10   73.80
-226584.388   300.958    11.30   79.88
-226208.390   296.526   -11.79   79.90
-225832.396   326.105    78.67   75.82
-225456.405   346.958    55.47   60.96
-225080.418   356.526    25.45   45.78
-224704.434   365.987    25.17   30.96
-224328.455   359.184   -18.10   26.12
-223952.479   346.372   -34.08   40.15
-223576.506   334.654   -31.17   48.77
-223200.538   315.910   -49.86   55.25
-222824.573   289.445   -70.40   59.79
-222448.611   267.526   -58.30   61.03
-222072.654   234.304   -88.37   47.24
-221696.700   212.962   -56.77   32.51
-221320.750   198.577   -38.26   14.55
-220944.803   191.085   -19.93   13.52
-220568.861   187.894    -8.49   12.88
-220192.921   183.147   -12.63   15.06
-219816.986   177.473   -15.09   11.90
-219441.054   176.105    -3.64    9.27
-219065.126   177.418     3.49    9.98
-218689.202   179.601     5.81   12.09
-218313.281   174.603   -13.30   17.49
-217937.364   168.631   -15.89   19.05
-217561.450   164.421   -11.20   19.72
-217185.541   163.962    -1.22   22.37
-216809.635   160.013   -10.51   16.17
-216433.732   153.310   -17.83   13.66
-216057.833   145.218   -21.53   15.32
-215681.938   136.970   -21.94   14.66
-215306.047   131.474   -14.62   12.42
-214930.159   129.346    -5.66   14.38
-214554.275   126.232    -8.29   16.21
-214178.395   130.447    11.21   16.58
-213802.518   132.391     5.17   13.71
-213426.645   129.631    -7.34   12.00
-213050.775   129.947     0.84   11.90
-212674.909   130.066     0.32   12.44
-212299.047   134.826    12.66   15.66
-211923.188   140.757    15.78   13.35
-211547.333   140.736    -0.05   12.51
-211171.482   135.131   -14.91   14.21
-210795.634   126.013   -24.26   14.53
-210419.790   119.910   -16.24   14.58
-210043.950   114.823   -13.54   10.75
-209668.113   116.192     3.64   10.60
-209292.280   118.720     6.73    9.20
-208916.450   117.526    -3.18   10.49
-208540.624   111.295   -16.58   14.29
-208164.802   101.617   -25.75   11.53
-207788.983    98.958    -7.07    9.82
-207413.168   101.256     6.11   10.99
-207037.357   103.763     6.67   12.20
-206661.549   109.815    16.11   13.67
-206285.745   114.850    13.40   15.22
-205909.944   114.176    -1.79   14.31
-205534.147   112.885    -3.44   13.76
-205158.354   108.999   -10.34   13.55
-204782.564   103.201   -15.43   13.32
-204406.778    96.026   -19.10   14.00
-204030.996    89.833   -16.48   12.83
-203655.217    84.581   -13.98   10.36
-203279.441    82.064    -6.70    8.36
-202903.670    79.665    -6.39    6.42
-202527.901    78.962    -1.87    4.76
-202152.137    78.398    -1.50    3.38
-201776.376    78.963     1.51    4.54
-201400.619    81.364     6.39    7.01
-201024.865    83.580     5.90    8.49
-200649.115    84.921     3.57    8.53
-200273.368    83.372    -4.12    7.39
-199897.625    81.796    -4.19    5.73
-199521.885    80.885    -2.43    4.72
-199146.150    80.346    -1.43    5.60
-198770.417    79.705    -1.71    5.80
-198394.689    79.985     0.75    7.05
-198018.963    78.078    -5.08    5.85
-197643.242    76.603    -3.93    4.64
-197267.524    76.276    -0.87    4.10
-196891.809    76.398     0.32    3.47
-196516.099    77.581     3.15    3.13
-196139.714    78.078     1.32    2.71
-195763.292    76.833    -3.31    3.21
-195386.873    75.557    -3.39    3.69
-195010.458    74.553    -2.67    3.51
-194634.047    75.210     1.75    5.02
-194257.639    76.742     4.07    7.37
-193881.235    77.090     0.92    7.17
-193504.834    77.391     0.80    6.44
-193128.437    76.603    -2.09    5.80
-192752.043    76.885     0.75    6.23
-192375.653    77.710     2.19    7.09
-191999.267    78.066     0.95    8.15
-191622.884    78.141     0.20    9.11
-191246.504    78.039    -0.27    8.05
-190870.129    78.283     0.65    7.81
-190493.756    79.141     2.28    8.88
-190117.388    78.877    -0.70    9.33
-189741.023    78.064    -2.16    9.71
-189364.661    74.398    -9.74    7.50
-188988.303    70.963    -9.13    4.09
-188611.948    70.131    -2.21    3.46
-188235.597    70.472     0.91    4.27
-187859.250    71.120     1.72    5.42
-187482.906    72.026     2.41    6.35
-187106.566    71.877    -0.40    7.11
-186730.229    71.910     0.09    6.31
-186353.896    70.833    -2.86    5.69
-185977.566    71.210     1.00    6.63
-185601.240    71.342     0.35    7.35
-185224.917    71.628     0.76    7.27
-184848.598    69.398    -5.93    4.23
-184472.282    68.958    -1.17    3.99
-184095.970    68.474    -1.29    3.70
-183719.662    68.147    -0.87    3.60
-183343.357    68.116    -0.08    4.10
-182967.055    68.603     1.29    4.39
-182590.757    69.495     2.37    4.04
-182214.463    71.859     6.28    6.55
-181838.172    72.605     1.98    7.35
-181461.884    74.283     4.46    8.32
-181085.600    76.391     5.60    8.77
-180709.320    77.387     2.65    9.59
-180333.043    77.421     0.09    9.11
-179956.769    76.833    -1.56    9.32
-179580.499    74.447    -6.34    8.10
-179204.233    71.705    -7.29    7.01
-178827.970    68.987    -7.22    6.49
-178451.710    66.731    -6.00    5.97
-178075.454    64.472    -6.00    4.47
-177699.202    65.449     2.60    4.62
-177322.953    66.715     3.37    4.58
-176946.707    69.026     6.14    3.70
-176570.465    70.026     2.66    3.36
-176194.227    69.745    -0.75    3.93
-175817.992    70.039     0.78    3.87
-175441.760    69.052    -2.62    4.13
-175065.532    68.256    -2.12    3.72
-174689.308    67.039    -3.23    2.87
-174313.087    65.776    -3.36    2.55
-173936.869    64.631    -3.04    1.75
-173560.655    64.346    -0.76    1.52
-173184.444    64.364     0.05    1.76
-172808.237    65.346     2.61    2.62
-172432.033    65.833     1.30    2.91
-172055.833    65.526    -0.82    3.12
-171679.636    64.605    -2.45    3.24
-171303.442    62.859    -4.64    2.85
-170927.252    62.796    -0.17    2.85
-170551.066    64.661     4.96    4.76
-170174.883    67.710     8.11    5.47
-169798.703    70.776     8.15    4.02
-169422.527    71.090     0.84    4.38
-169046.355    71.342     0.67    4.55
-168670.186    70.201    -3.03    4.14
-168294.020    68.958    -3.31    4.05
-167917.857    67.442    -4.03    3.79
-167541.699    66.552    -2.37    3.65
-167165.543    65.201    -3.59    3.07
-166789.391    64.688    -1.36    2.89
-166413.243    64.449    -0.64    3.30
-166037.098    63.987    -1.23    4.33
-165660.956    63.705    -0.75    4.95
-165284.818    63.877     0.46    5.42
-164908.683    65.398     4.04    5.93
-164532.552    68.012     6.95    5.52
-164156.424    69.066     2.80    5.24
-163780.299    69.283     0.57    5.44
-163404.178    70.114     2.21    6.05
-163028.060    70.654     1.44    5.83
-162651.946    70.910     0.68    5.66
-162275.835    71.823     2.43    4.64
-161899.728    72.742     2.44    4.23
-161523.624    72.692    -0.13    4.42
-161147.523    73.210     1.38    4.03
-160771.426    72.751    -1.22    3.82
-160395.332    72.553    -0.53    3.94
-160019.242    71.551    -2.66    4.15
-159643.155    69.078    -6.58    4.61
-159267.071    67.192    -5.01    4.60
-158890.991    64.283    -7.74    3.40
-158514.915    61.801    -6.60    2.92
-158138.841    58.364    -9.14    4.75
-157762.771    55.661    -7.19    4.06
-157386.705    54.201    -3.88    3.11
-157010.642    51.869    -6.20    5.30
-156634.582    48.808    -8.14    7.43
-156258.525    44.321   -11.93    7.10
-155882.473    40.796    -9.37    4.45
-155506.423    38.850    -5.17    4.72
-155130.377    42.331     9.26   10.25
-154754.334    47.947    14.93   12.11
-154378.294    56.726    23.35   13.84
-154002.258    64.147    19.74    9.83
-153626.226    69.680    14.71   11.31
-153250.196    74.026    11.56    9.18
-152874.170    78.657    12.32    8.82
-152498.148    82.228     9.50    9.00
-152122.129    84.801     6.84    8.26
-151746.113    88.445     9.69    8.13
-151370.100    91.310     7.62    9.20
-150994.091    93.985     7.12    8.46
-150618.086    95.069     2.88    7.29
-150242.083    92.398    -7.10    8.51
-149866.084    89.321    -8.18    6.75
-149490.089    89.692     0.99    6.54
-149114.096    88.337    -3.61    6.62
-148738.107    85.831    -6.66    8.31
-148362.122    80.947   -12.99   11.07
-147986.140    73.451   -19.94    9.63
-147610.161    69.607   -10.22    5.95
-147234.185    69.833     0.60    6.82
-146858.213    72.868     8.07    8.64
-146482.244    76.321     9.18    8.09
-146106.279    79.147     7.52    6.93
-145730.317    81.501     6.26    7.28
-145354.358    84.236     7.28    8.87
-144978.402    87.823     9.54    8.88
-144602.450    88.120     0.79    9.15
-144226.501    87.069    -2.80    8.83
-143850.556    84.936    -5.67    7.22
-143474.614    82.398    -6.75    5.85
-143098.675    80.692    -4.54    6.58
-142722.739    76.289   -11.71    8.59
-142346.807    71.387   -13.04    8.12
-141970.878    65.657   -15.24    7.58
-141594.953    63.326    -6.20    6.28
-141219.031    63.499     0.46    6.80
-140843.112    66.947     9.17    6.70
-140467.196    69.999     8.12    6.00
-140091.284    71.295     3.45    6.94
-139715.375    71.337     0.11    8.46
-139339.469    70.651    -1.82    8.33
-138963.567    71.184     1.42    7.29
-138587.668    70.958    -0.60    5.42
-138211.772    72.796     4.89    5.47
-137835.880    77.942    13.69    6.41
-137459.991    82.218    11.38    6.81
-137084.105    84.654     6.48    5.79
-136708.223    85.776     2.98    5.10
-136332.343    85.394    -1.02    4.40
-135956.467    83.554    -4.90    4.31
-135580.595    82.526    -2.73    4.82
-135204.726    81.651    -2.33    6.12
-134828.859    80.715    -2.49    6.13
-134452.997    80.157    -1.48    6.07
-134077.137    78.973    -3.15    6.39
-133701.281    75.757    -8.56    7.62
-133325.428    72.174    -9.53    6.58
-132949.579    70.226    -5.18    5.27
-132573.732    73.782     9.46    8.05
-132197.889    78.715    13.12    7.07
-131822.049    82.201     9.28    5.94
-131446.213    81.554    -1.72    7.39
-131070.380    77.885    -9.76    8.32
-130694.550    73.680   -11.19    6.90
-130318.723    71.359    -6.17    4.58
-129942.899    71.394     0.09    5.44
-129567.079    72.859     3.90    6.47
-129191.262    74.552     4.50    6.71
-128815.449    75.295     1.98    6.32
-128439.638    75.742     1.19    6.44
-128063.831    75.657    -0.23    6.00
-127688.027    74.999    -1.75    5.67
-127312.227    77.951     7.85    6.48
-126936.429    78.634     1.82    6.19
-126560.635    79.526     2.37    5.73
-126184.844    80.808     3.41    5.19
-125809.057    82.769     5.22    6.10
-125433.272    86.445     9.78    5.72
-125057.491    90.331    10.34    5.15
-124681.713    94.398    10.82    6.69
-124305.939    98.551    11.05    6.19
-123930.167    99.359     2.15    4.59
-123554.399    99.833     1.26    4.74
-123178.634    97.665    -5.77    5.63
-122802.872    94.936    -7.26    4.86
-122427.114    94.423    -1.36    5.96
-122051.359    93.228    -3.18    5.97
-121675.606    91.236    -5.30    6.33
-121299.650    90.551    -1.82    6.36
-120923.262    89.601    -2.53    6.12
-120546.877    89.120    -1.28    6.14
-120170.496    88.859    -0.69    5.71
-119794.118    88.526    -0.89    5.89
-119417.743    88.904     1.01    6.30
-119041.372    89.147     0.65    7.19
-118665.003    90.359     3.22    7.14
-118288.638    89.808    -1.46    6.30
-117912.276    89.039    -2.04    5.69
-117535.918    89.931     2.37    5.81
-117159.562    92.321     6.35    6.59
-116783.210    95.609     8.74    6.71
-116406.861    95.985     1.00    6.26
-116030.515    97.654     4.43    6.50
-115654.173    99.999     6.23    8.29
-115277.833    99.973    -0.07    7.85
-114901.497   101.921     5.17    7.75
-114525.164   103.376     3.87    7.27
-114148.834   103.120    -0.68    7.33
-113772.508   104.876     4.66    8.15
-113396.184   106.551     4.45    6.92
-113019.864   107.877     3.52    6.46
-112643.547   111.093     8.55    7.47
-112267.233   118.310    19.18    8.63
-111890.923   121.654     8.89    7.03
-111514.615   122.269     1.64    8.19
-111138.311   121.442    -2.20    9.30
-110762.010   117.680   -10.00    8.42
-110385.712   116.710    -2.58    8.54
-110009.418   118.581     4.97    8.05
-109633.126   117.039    -4.10    7.61
-109256.838   114.782    -6.00    6.71
-108880.553   115.500     1.91    8.17
-108504.271   116.473     2.59    8.94
-108127.992   117.626     3.06    8.88
-107751.717   118.228     1.60    9.08
-107375.444   117.401    -2.20    9.40
-106999.175   117.731     0.88    9.20
-106622.909   120.581     7.58    9.82
-106246.646   124.391    10.12    9.48
-105870.386   127.877     9.27    8.13
-105494.130   127.850    -0.07    8.74
-105117.876   125.577    -6.04   10.06
-104741.626   124.776    -2.13   10.38
-104365.379   129.551    12.69   13.33
-103989.135   135.789    16.58   13.82
-103612.894   140.359    12.15   10.78
-103236.656   140.372     0.03   11.27
-102860.422   138.116    -6.00   11.55
-102484.191   134.910    -8.52   11.55
-102107.962   132.684    -5.92   14.05
-101731.737   123.885   -23.39   15.29
-101355.515   118.634   -13.96   12.35
-100979.297   114.551   -10.85    8.41
-100603.081   112.026    -6.71    7.82
-100226.868   110.859    -3.10    8.33
 -99850.659   106.445   -11.73    8.68
 -99474.453   101.688   -12.64    8.54
 -99098.250    97.661   -10.70    8.81
 -98722.050    94.815    -7.56    8.18
 -98345.853    93.192    -4.31    7.73
 -97969.659    97.476    11.39   13.10
 -97593.469   104.342    18.25   17.62
 -97217.281   108.120    10.05   15.82
 -96841.097   107.372    -1.99   15.11
 -96464.916   101.868   -14.63   12.99
 -96088.738   101.447    -1.12   12.16
 -95712.563   104.342     7.70   13.55
 -95336.391   105.039     1.85   12.10
 -94960.222   105.201     0.43   11.97
 -94584.056   101.192   -10.66    9.99
 -94207.894    99.501    -4.50   10.94
 -93831.734    95.526   -10.57   10.76
 -93455.578    90.012   -14.66    9.34
 -93079.425    87.715    -6.11    7.68
 -92703.275    92.228    12.00   14.08
 -92327.128    99.391    19.04   15.90
 -91950.984   105.154    15.32   14.71
 -91574.843   107.676     6.70   12.84
 -91198.705   107.447    -0.61   12.98
 -90822.571   104.093    -8.92   13.72
 -90446.439    98.782   -14.12   13.71
 -90070.311    97.447    -3.55   14.15
 -89694.185    97.684     0.63   13.03
 -89318.063    94.999    -7.14   12.72
 -88941.944    95.321     0.85   13.50
 -88565.828    96.201     2.34   12.77
 -88189.715    96.315     0.30   12.89
 -87813.605    95.051    -3.36   12.83
 -87437.498    89.869   -13.78   12.21
 -87061.394    85.796   -10.83   11.79
 -86685.293    81.201   -12.22   10.13
 -86309.196    78.553    -7.04    7.77
 -85933.101    83.904    14.23   13.93
 -85557.010    88.248    11.55   15.26
 -85180.921    90.401     5.72   13.22
 -84804.836    90.447     0.12   13.34
 -84428.754    85.283   -13.73   11.69
 -84052.674    81.833    -9.17   10.60
 -83676.598    79.473    -6.28   10.01
 -83300.525    75.628   -10.22    8.86
 -82924.455    72.263    -8.95    7.72
 -82548.388    69.526    -7.28    6.30
 -82172.324    67.877    -4.38    7.42
 -81796.263    65.552    -6.18    7.03
 -81420.205    65.201    -0.93    6.97
 -81044.150    66.011     2.16    7.82
 -80668.099    67.120     2.95    7.58
 -80292.050    66.310    -2.16    8.88
 -79916.004    64.337    -5.25    9.97
 -79539.962    60.201   -11.00    9.20
 -79163.922    56.915    -8.74    7.23
 -78787.885    57.751     2.22    7.47
 -78411.852    58.859     2.95    8.94
 -78035.821    59.391     1.41    8.75
 -77659.794    59.167    -0.60    7.59
 -77283.769    57.947    -3.24    5.11
 -76907.748    55.628    -6.17    4.95
 -76531.730    53.283    -6.24    4.91
 -76155.714    53.064    -0.58    4.44
 -75779.702    53.859     2.11    4.38
 -75403.693    53.473    -1.03    4.63
 -75027.686    52.226    -3.32    4.15
 -74651.683    51.040    -3.15    4.02
 -74275.683    53.192     5.72    7.36
 -73899.686    56.553     8.94    9.87
 -73523.691    59.310     7.33   10.15
 -73147.700    65.742    17.11   11.07
 -72771.712    69.859    10.95   10.82
 -72395.727    72.705     7.57    9.13
 -72019.745    72.090    -1.64    9.41
 -71643.765    68.999    -8.22    7.95
 -71267.789    64.526   -11.90    8.17
 -70891.816    59.346   -13.78    7.66
 -70515.846    55.474   -10.30    6.77
 -70139.879    53.228    -5.97    4.89
 -69763.914    53.910     1.81    5.38
 -69387.953    55.387     3.93    5.88
 -69011.995    57.394     5.34    5.63
 -68636.040    57.131    -0.70    5.94
 -68260.088    55.870    -3.36    5.88
 -67884.138    56.398     1.40    6.09
 -67508.192    55.553    -2.25    6.83
 -67132.249    56.283     1.94    6.40
 -66756.308    58.364     5.54    6.61
 -66380.371    60.776     6.42    8.13
 -66004.437    65.628    12.91    8.38
 -65628.505    68.244     6.96    7.00
 -65252.577    67.634    -1.62    8.39
 -64876.652    62.192   -14.47    8.72
 -64500.729    60.782    -3.75    8.29
 -64124.810    60.705    -0.20    7.72
 -63748.893    62.526     4.84    8.60
 -63372.980    66.474    10.50    9.59
 -62997.069    71.120    12.36   10.08
 -62621.161    75.315    11.16    7.92
 -62245.257    76.473     3.08    6.85
 -61869.355    75.151    -3.52    6.37
 -61493.456    72.244    -7.73    7.87
 -61117.560    68.289   -10.52    7.91
 -60741.668    67.039    -3.32    7.99
 -60365.778    64.066    -7.91    7.39
 -59989.891    63.692    -0.99    7.96
 -59614.007    64.131     1.17    7.56
 -59238.126    65.449     3.51    7.54
 -58862.247    68.310     7.61    6.73
 -58486.372    67.141    -3.11    9.53
 -58110.500    68.936     4.78   10.06
 -57734.631    69.423     1.30    9.48
 -57358.764    70.174     2.00    8.89
 -56982.901    70.705     1.41    7.99
 -56607.041    74.931    11.24    7.91
 -56231.183    78.131     8.51    7.11
 -55855.328    80.131     5.32    6.82
 -55479.477    82.088     5.21    6.57
 -55103.628    84.962     7.65    5.64
 -54727.782    85.868     2.41    6.31
 -54351.939    86.201     0.89    6.98
 -53976.099    84.372    -4.87    7.99
 -53600.262    82.304    -5.50    8.86
 -53224.428    83.013     1.89    8.04
 -52848.597    84.039     2.73    9.02
 -52472.768    84.553     1.37   10.07
 -52096.943    84.808     0.68   11.62
 -51721.120    81.628    -8.46   13.01
 -51345.301    77.782   -10.23   12.19
 -50969.484    73.796   -10.61    8.29
 -50593.670    69.731   -10.82    6.27
 -50217.859    66.499    -8.60    6.11
 -49842.051    65.289    -3.22    5.72
 -49466.246    63.607    -4.48    5.70
 -49090.444    62.401    -3.21    5.24
 -48714.645    61.372    -2.74    4.97
 -48338.848    58.815    -6.80    5.70
 -47963.055    58.415    -1.07    5.69
 -47587.264    57.167    -3.32    5.39
 -47211.477    55.109    -5.48    5.99
 -46835.692    53.680    -3.80    5.86
 -46459.910    53.605    -0.20    6.46
 -46083.720    57.364     9.99    9.22
 -45707.355    63.474    16.24   11.45
 -45330.993    69.064    14.85   10.49
 -44954.633    71.064     5.31    7.77
 -44578.277    71.220     0.41    6.83
 -44201.923    68.684    -6.74    6.63
 -43825.573    66.289    -6.36    5.66
 -43449.225    66.012    -0.74    6.20
 -43072.880    63.823    -5.82    7.01
 -42696.538    62.232    -4.23    9.01
 -42320.199    60.269    -5.21    9.16
 -41943.863    55.447   -12.81    9.75
 -41567.529    52.776    -7.10   10.34
 -41191.199    50.346    -6.46    9.54
 -40814.871    47.331    -8.01    8.00
 -40438.546    45.474    -4.93    6.47
 -40062.225    45.423    -0.14    6.05
 -39685.906    45.877     1.21    6.12
 -39309.589    48.921     8.09    6.87
 -38933.276    51.423     6.65    8.21
 -38556.966    53.101     4.46    7.47
 -38180.658    53.039    -0.16    7.25
 -37804.353    50.192    -7.57    7.61
 -37428.051    46.973    -8.56    7.16
 -37051.752    45.526    -3.85    6.85
 -36675.456    44.445    -2.87    6.73
 -36299.163    42.081    -6.28    6.25
 -35922.872    40.474    -4.27    5.43
 -35546.585    38.987    -3.95    5.69
 -35170.300    37.887    -2.92    4.78
 -34794.018    36.731    -3.07    5.55
 -34417.739    35.054    -4.46    5.16
 -34041.462    36.688     4.34    6.27
 -33665.189    39.372     7.13    7.70
 -33288.918    41.039     4.43    7.28
 -32912.651    40.473    -1.50    7.43
 -32536.386    39.999    -1.26    7.52
 -32160.123    39.576    -1.13    6.39
 -31783.864    38.256    -3.51    5.97
 -31407.608    38.326     0.19    5.39
 -31031.354    37.705    -1.65    7.06
 -30655.103    38.201     1.32    7.59
 -30278.855    37.472    -1.94    7.90
 -29902.610    34.742    -7.26    6.69
 -29526.368    32.859    -5.00    4.70
 -29150.128    31.705    -3.07    4.67
 -28773.891    30.331    -3.65    4.79
 -28397.657    28.776    -4.13    4.16
 -28021.426    27.026    -4.65    2.89
 -27645.198    27.026     0.00    2.62
 -27268.972    27.710     1.82    3.86
 -26892.750    28.936     3.26    6.25
 -26516.530    32.731    10.09   11.30
 -26140.313    34.605     4.98   11.90
 -25764.098    34.576    -0.08   11.52
 -25387.887    38.174     9.57   12.17
 -25011.678    40.626     6.52   12.04
 -24635.472    43.782     8.39   11.33
 -24259.269    42.692    -2.90    9.86
 -23883.069    37.391   -14.09   10.44
 -23506.871    35.418    -5.24    9.68
 -23130.677    33.796    -4.31    8.84
 -22754.485    36.192     6.37    9.42
 -22378.295    40.985    12.74    9.50
 -22002.109    44.116     8.32    9.27
 -21625.925    48.289    11.09    6.10
 -21249.745    46.445    -4.90    7.78
 -20873.566    40.398   -16.08   10.73
 -20497.391    38.962    -3.82   10.39
 -20121.219    40.026     2.83    9.96
 -19745.049    44.012    10.60    9.33
 -19368.882    48.218    11.18    7.09
 -18992.718    48.553     0.89    7.45
 -18616.556    48.101    -1.20    6.71
 -18240.398    48.351     0.66    7.58
 -17864.242    49.640     3.43    8.38
 -17488.088    52.769     8.32    9.28
 -17111.938    56.039     8.69    8.90
 -16735.790    59.174     8.33    7.19
 -16359.645    59.105    -0.19    8.13
 -15983.503    57.387    -4.57    9.55
 -15607.364    54.876    -6.68    9.47
 -15231.227    54.551    -0.86    9.20
 -14855.093    57.147     6.90    8.58
 -14478.962    58.039     2.37    6.66
 -14102.834    55.421    -6.96    7.72
 -13726.708    51.473   -10.49    7.94
 -13350.585    47.998    -9.24    5.85
 -12974.465    45.731    -6.03    5.92
 -12598.348    45.012    -1.91    6.85
 -12222.233    45.680     1.77    7.41
 -11846.121    44.326    -3.60    7.96
 -11470.012    41.097    -8.58    6.45
 -11093.905    38.391    -7.20    7.42
 -10717.802    37.120    -3.38    7.91
 -10341.700    37.796     1.80    9.00
  -9965.602    41.418     9.63    7.98
  -9589.507    42.665     3.32    7.04
  -9213.414    41.526    -3.03    6.45
  -8837.324    40.628    -2.39    7.36
  -8461.236    39.120    -4.01    7.58
  -8085.151    39.885     2.03    7.97
  -7709.069    42.342     6.53    8.27
  -7332.990    42.757     1.10    9.34
  -6956.914    42.850     0.25    9.58
  -6580.840    41.372    -3.93    9.48
  -6204.768    39.859    -4.02    8.71
  -5828.700    39.885     0.07    7.81
  -5452.634    39.628    -0.68    7.36
  -5076.571    35.702   -10.44    6.02
  -4700.511    34.066    -4.35    5.79
  -4324.453    33.445    -1.65    5.33
  -3948.398    33.447     0.01    4.53
  -3572.346    31.201    -5.97    5.79
  -3196.297    27.228   -10.57    7.40
  -2820.250    18.276   -23.81   12.02
  -2444.205    10.346   -21.09   10.67
  -2068.164     3.789   -17.44    7.67
  -1692.125     0.026   -10.01    1.98
  -1316.089    -0.290    -0.84    0.51
   -940.056    -0.449    -0.42    0.16
   -564.025    -0.420     0.08    0.23
   -187.997    -0.397     0.06    0.27
    188.029    -0.419    -0.06    0.23
    564.051    -0.423    -0.01    0.22
    940.071    -0.474    -0.14    0.00
   1316.089     0.213     1.83    2.66
   1692.103     2.192     5.26    4.21
   2068.115     4.877     7.14    5.23
   2444.125     7.526     7.04    5.34
   2820.131    10.947     9.10    4.59
   3196.135    14.026     8.19    5.20
   3572.137    16.808     7.40    5.83
   3948.135    19.064     6.00    5.00
   4324.131    18.473    -1.57    4.50
   4700.125    18.184    -0.77    4.42
   5076.116    18.603     1.11    4.74
   5452.104    19.910     3.48    5.31
   5828.089    21.066     3.07    5.28
   6204.072    21.167     0.27    5.54
   6580.052    20.877    -0.77    5.26
   6956.029    19.962    -2.43    4.19
   7332.004    19.936    -0.07    4.26
   7707.976    20.963     2.73    5.45
   8083.946    24.013     8.11    7.61
   8459.913    27.631     9.62    7.58
   8835.877    28.228     1.59    7.03
   9211.839    26.321    -5.07    7.35
   9587.798    22.304   -10.68    6.35
   9963.754    19.808    -6.64    3.45
  10339.708    18.808    -2.66    2.26
  10715.659    19.418     1.62    2.09
  11091.607    19.859     1.17    2.43
  11467.553    20.757     2.39    3.08
  11843.496    20.295    -1.23    3.49
  12219.437    21.715     3.78    5.01
  12595.375    23.269     4.13    6.33
  12971.310    25.661     6.36    6.01
  13347.243    27.634     5.25    5.05
  13723.173    26.105    -4.07    5.98
  14099.101    23.713    -6.36    5.65
  14475.026    22.757    -2.54    5.25
  14850.948    22.423    -0.89    5.67
  15226.868    23.692     3.38    5.48
  15602.785    26.039     6.24    5.91
  15978.699    26.887     2.26    6.17
  16354.611    28.654     4.70    5.96
  16730.520    29.710     2.81    6.85
  17106.427    30.796     2.89    7.14
  17482.331    34.263     9.22    6.70
  17858.232    37.808     9.43    7.43
  18234.131    42.276    11.89    7.45
  18610.027    46.499    11.23    6.76
  18985.921    49.368     7.63    6.44
  19361.812    51.684     6.16    7.00
  19737.701    53.418     4.61    8.68
  20113.587    54.931     4.03    9.18
  20489.470    53.408    -4.05    9.70
  20865.351    53.577     0.45   10.58
  21241.229    53.962     1.02   10.00
  21617.104    56.415     6.53    9.23
  21992.977    60.064     9.71    8.87
  22368.848    62.165     5.59    7.95
  22744.716    64.090     5.12    8.17
  23120.581    65.342     3.33    9.59
  23496.444    68.680     8.88    9.47
  23872.304    69.472     2.11    9.52
  24248.162    67.962    -4.02   10.04
  24624.017    64.331    -9.66   12.01
  24999.869    59.692   -12.34   10.93
  25375.719    55.823   -10.29    7.77
  25751.566    56.120     0.79    6.73
  26127.411    57.337     3.24    5.27
  26503.253    57.769     1.15    4.67
  26879.093    57.240    -1.41    5.85
  27254.930    55.826    -3.76    8.21
  27630.764    52.603    -8.58    8.67
  28006.596    50.688    -5.09    7.48
  28382.426    53.808     8.30   10.33
  28758.290    56.364     6.80   10.49
  29134.622    55.026    -3.55   10.46
  29510.953    56.631     4.27   12.84
  29887.280    56.423    -0.55   13.36
  30263.605    54.796    -4.32   13.54
  30639.928    54.736    -0.16   13.65
  31016.248    49.826   -13.05   12.92
  31392.565    43.387   -17.11    8.53
  31768.880    43.210    -0.47    8.79
  32145.193    43.418     0.55    8.08
  32521.502    46.120     7.18    8.28
  32897.810    49.039     7.76    7.37
  33274.114    50.387     3.58    7.11
  33650.417    54.301    10.40    8.21
  34026.716    56.926     6.98    8.62
  34403.014    58.337     3.75    7.02
  34779.308    59.141     2.14    5.96
  35155.600    58.921    -0.59    6.02
  35531.890    56.885    -5.41    6.82
  35908.177    54.628    -6.00    8.18
  36284.462    52.218    -6.41    8.36
  36660.744    47.581   -12.32    6.76
  37037.023    47.473    -0.29    7.35
  37413.300    44.628    -7.56    7.04
  37789.575    41.859    -7.36    6.79
  38165.847    39.269    -6.88    5.75
  38542.116    37.605    -4.42    4.86
  38918.383    38.256     1.73    5.28
  39294.648    38.796     1.44    5.09
  39670.910    39.526     1.94    4.00
  40047.169    39.295    -0.61    3.67
  40423.426    39.651     0.95    3.61
  40799.681    40.526     2.33    3.42
  41175.933    40.476    -0.13    3.49
  41552.182    40.421    -0.15    3.58
  41928.429    38.999    -3.78    3.98
  42304.674    37.236    -4.69    4.19
  42680.916    34.551    -7.14    4.78
  43057.155    31.831    -7.23    4.01
  43433.392    30.748    -2.88    3.73
  43809.627    31.244     1.32    4.19
  44185.859    31.411     0.45    3.82
  44562.089    31.269    -0.38    3.05
  44938.316    30.782    -1.29    2.39
  45314.540    30.310    -1.26    1.90
  45690.763    29.688    -1.65    1.99
  46066.982    28.985    -1.87    2.60
  46443.200    28.167    -2.18    2.65
  46819.414    28.577     1.09    2.95
  47195.627    28.958     1.01    2.84
  47571.836    31.776     7.49    4.56
  47948.044    34.947     8.43    6.46
  48324.249    37.447     6.65    7.24
  48700.451    39.580     5.67    6.55
  49076.651    40.090     1.36    6.23
  49452.849    38.368    -4.58    5.94
  49829.044    35.831    -6.74    4.35
  50205.236    34.628    -3.20    3.95
  50581.426    33.498    -3.00    3.92
  50957.614    32.962    -1.43    3.36
  51333.799    32.346    -1.64    2.91
  51709.982    32.497     0.40    3.42
  52086.162    35.580     8.19    6.51
  52462.340    38.228     7.04    8.21
  52838.516    39.850     4.31    8.04
  53214.689    40.026     0.47    7.49
  53590.859    37.850    -5.78    6.71
  53967.028    35.654    -5.84    5.53
  54343.193    33.372    -6.07    4.33
  54719.357    32.833    -1.43    5.16
  55095.517    33.607     2.06    7.20
  55471.676    32.782    -2.19    8.72
  55847.832    32.078    -1.87    9.44
  56223.985    29.748    -6.20    7.33
  56600.137    28.321    -3.79    5.77
  56976.285    28.276    -0.12    5.24
  57352.432    27.394    -2.34    4.25
  57728.575    25.885    -4.01    2.90
  58104.717    25.620    -0.71    3.03
  58480.856    26.823     3.20    3.65
  58856.993    28.184     3.62    6.71
  59233.127    30.147     5.22    9.46
  59609.259    29.372    -2.06    9.97
  59985.388    28.499    -2.32   10.86
  60361.515    28.423    -0.20    9.70
  60737.639    28.449     0.07   10.18
  61113.762    29.680     3.27   10.05
  61489.881    28.931    -1.99   10.87
  61865.999    22.577   -16.89    9.53
  62242.114    19.078    -9.30    8.39
  62618.226    17.192    -5.01    6.42
  62994.337    15.661    -4.07    6.04
  63370.444    16.283     1.65    5.85
  63746.550    18.210     5.12    6.41
  64122.653    17.757    -1.21    6.04
  64498.753    17.682    -0.20    6.02
  64874.852    15.684    -5.31    6.29
  65250.947    15.192    -1.31    5.67
  65627.041    17.276     5.54    6.74
  66003.132    19.398     5.64    5.76
  66379.221    19.445     0.13    6.02
  66755.307    18.141    -3.47    5.81
  67131.391    14.654    -9.27    5.42
  67507.472    12.421    -5.94    5.24
  67883.552    11.131    -3.43    4.77
  68259.628    12.013     2.35    6.40
  68635.703    16.039    10.70    7.87
  69011.775    20.526    11.93    8.22
  69387.845    25.012    11.93    9.74
  69763.912    28.688     9.77    7.57
  70139.977    29.661     2.59    6.10
  70516.040    31.526     4.96    7.85
  70892.100    33.213     4.49   10.44
  71268.158    36.987    10.04   12.83
  71644.213    40.782    10.09   14.71
  72020.266    42.776     5.30   14.49
  72396.317    42.526    -0.66   13.33
  72772.366    41.391    -3.02   12.61
  73148.412    42.782     3.70   10.07
  73524.456    44.815     5.41   12.47
  73900.497    49.039    11.23   13.09
  74276.536    54.174    13.66    8.14
  74652.573    52.731    -3.84    8.40
  75028.607    47.326   -14.37   10.26
  75404.640    41.183   -16.34   12.01
  75780.669    32.958   -21.87   10.55
  76156.697    25.310   -20.34    7.47
  76532.722    23.985    -3.52    7.66
  76908.745    27.391     9.06    9.44
  77284.765    31.297    10.39    9.95
  77660.783    32.876     4.20    8.01
  78036.799    30.782    -5.57    9.10
  78412.812    25.958   -12.83    9.95
  78788.823    19.064   -18.33    8.21
  79164.832    15.236   -10.18    5.88
  79540.839    16.473     3.29    7.37
  79916.843    21.605    13.65   10.68
  80292.845    27.090    14.59   10.92
  80668.844    33.823    17.91    7.33
  81044.841    34.710     2.36    6.16
  81420.836    30.176   -12.06    9.14
  81796.829    27.126    -8.11    8.87
  82172.819    22.315   -12.79    7.19
  82548.807    18.931    -9.00    6.33
  82924.793    16.337    -6.90    6.38
  83300.776    11.742   -12.22    5.24
  83676.757     9.331    -6.41    5.05
  84052.736     7.126    -5.87    4.61
  84428.713     5.577    -4.12    2.93
  84804.687     5.796     0.58    3.93
  85180.659     6.244     1.19    4.41
  85556.628     6.921     1.80    4.61
  85932.596     6.321    -1.60    3.05
  86308.561     6.553     0.62    3.18
  86684.523     7.372     2.18    3.00
  87060.484     7.415     0.11    2.55
  87436.442     7.657     0.65    3.02
  87812.398     7.192    -1.24    3.34
  88188.351     7.290     0.26    3.26
  88564.303     8.116     2.19    4.10
  88940.252     9.120     2.67    4.11
  89316.198    10.093     2.59    3.93
  89692.143     9.634    -1.22    3.64
  90068.085     9.165    -1.25    3.27
  90444.025     9.192     0.07    4.02
  90819.963     8.751    -1.17    4.10
  91195.898     8.201    -1.46    3.79
  91571.831     6.551    -4.39    3.93
  91947.762     3.603    -7.84    4.53
  92323.691     0.654    -7.84    4.30
  92699.617    -0.690    -3.58    3.68
  93075.541     0.295     2.62    4.55
  93451.463     2.942     7.04    4.91
  93827.383     3.657     1.90    4.53
  94203.300     3.552    -0.28    4.40
  94579.215     2.276    -3.40    4.17
  94955.128    -0.038    -6.16    3.83
  95331.039    -1.211    -3.12    3.45
  95706.947    -2.141    -2.47    3.06
  96082.853    -3.042    -2.40    2.83
  96458.757    -2.946     0.25    3.48
  96834.659     0.078     8.05    5.63
  97210.558     1.151     2.85    5.52
  97586.455     1.607     1.21    5.27
  97962.350     1.500    -0.28    5.30
  98338.243     1.372    -0.34    5.69
  98714.133     0.808    -1.50    5.95
  99090.022     1.661     2.27    6.31
  99465.908     1.474    -0.50    5.94
  99841.791     2.850     3.66    7.03
 100217.673     6.553     9.85    8.58
 100593.552     8.661     5.61    8.89
 100969.429    10.401     4.63    9.76
 101345.304    11.039     1.70    9.41
 101721.177    12.394     3.61   10.20
 102097.047    12.804     1.09    9.83
 102472.916    13.684     2.34    9.87
 102848.782    13.804     0.32    9.08
 103224.646    15.921     5.63    9.97
 103600.507    19.064     8.36   10.76
 103976.564    23.147    10.86    9.46
 104352.870    23.936     2.10    9.92
 104729.173    22.885    -2.79    9.44
 105105.474    21.631    -3.33    9.98
 105481.773    21.256    -1.00   11.10
 105858.070    22.426     3.11   11.15
 106234.364    21.391    -2.75   10.78
 106610.656    21.607     0.57   12.18
 106986.946    23.553     5.17   11.91
 107363.234    22.097    -3.87   11.89
 107739.520    22.013    -0.22   11.97
 108115.803    22.039     0.07   12.77
 108492.085    21.192    -2.25   12.12
 108868.364    21.157    -0.09   10.79
 109244.641    25.276    10.95   11.50
 109620.915    26.763     3.95   12.11
 109997.188    29.910     8.37   12.38
 110373.458    28.201    -4.54   11.27
 110749.726    25.763    -6.48   10.36
 111125.992    24.263    -3.99   10.22
 111502.256    20.776    -9.27   10.63
 111878.518    16.337   -11.80   10.80
 112254.777    13.346    -7.95   11.68
 112631.035     8.936   -11.72   10.88
 113007.290     7.661    -3.39   11.73
 113383.543     6.445    -3.23   11.09
 113759.793     7.688     3.30   11.47
 114136.042     9.603     5.09   13.03
 114512.288    14.064    11.86   16.35
 114888.533    19.497    14.44   16.93
 115264.775    23.808    11.46   14.82
 115641.015    21.842    -5.23   14.37
 116017.253    13.609   -21.88   15.15
 116393.488     2.859   -28.57   12.43
 116769.722     0.295    -6.82   10.18
 117145.953     5.295    13.29   14.93
 117522.182    14.868    25.44   16.68
 117898.409    23.376    22.61   12.96
 118274.634    27.661    11.39   11.15
 118650.857    27.776     0.31   10.41
 119027.077    25.808    -5.23   11.54
 119403.296    24.581    -3.26   13.27
 119779.512    26.310     4.59   13.36
 120155.726    30.039     9.91   10.88
 120531.938    30.174     0.36   12.56
 120908.148    30.628     1.21   13.58
 121284.356    28.012    -6.95   15.31
 121660.562    23.090   -13.08   15.00
 122036.765    24.157     2.84   14.52
 122412.966    25.228     2.85   15.09
 122789.166    30.885    15.04   13.54
 123165.363    32.372     3.95   10.65
 123541.558    31.210    -3.09   12.73
 123917.751    29.553    -4.41   15.68
 124293.941    33.654    10.90   14.67
 124670.130    36.742     8.21   11.87
 125046.317    35.218    -4.05   10.54
 125422.501    30.226   -13.27   12.21
 125798.683    27.097    -8.32   14.10
 126174.863    24.093    -7.99   15.01
 126551.042    19.580   -12.00   16.74
 126927.218    17.445    -5.68   15.40
 127303.391    16.093    -3.59   15.03
 127679.563    17.387     3.44   16.12
 128055.733    25.301    21.04   16.02
 128431.900    30.218    13.07   14.48
 128808.066    31.283     2.83   14.20
 129184.229    30.474    -2.15   13.64
 129560.390    30.289    -0.49   14.52
 129936.550    29.500    -2.10   12.27
 130312.707    30.120     1.65   12.87
 130688.862    29.680    -1.17   15.94
 131065.014    27.665    -5.36   17.78
 131441.165    25.141    -6.71   18.57
 131817.314    21.269   -10.29   17.02
 132193.461    20.182    -2.89   14.66
 132569.605    24.012    10.18   13.34
 132945.748    26.310     6.11   13.01
 133321.888    29.605     8.76   13.57
 133698.026    33.066     9.20   13.29
 134074.163    31.970    -2.91   13.75
 134450.297    29.064    -7.73   14.72
 134826.429    25.782    -8.73   14.96
 135202.559    23.026    -7.33   14.63
 135578.687    22.815    -0.56   13.79
 135954.813    24.654     4.89   12.94
 136330.936    25.782     3.00   11.80
 136707.058    28.634     7.58   10.10
 137083.178    27.654    -2.61   10.41
 137459.296    22.970   -12.45   10.69
 137835.411    20.167    -7.45   10.55
 138211.525    22.192     5.39   12.00
 138587.636    23.463     3.38   11.94
 138963.745    18.192   -14.01   15.83
 139339.853     9.499   -23.11   19.30
 139715.958     1.931   -20.12   17.98
 140092.061    -9.001   -29.07   13.06
 140468.163   -15.696   -17.80    8.27
 140844.262   -17.038    -3.57    3.98
 141220.359   -16.526     1.36    4.12
 141596.454   -13.339     8.47    4.67
 141972.547    -8.654    12.46    6.44
 142348.638    -4.038    12.27    9.18
 142724.727     1.141    13.77   13.38
 143100.814     7.688    17.41   15.25
 143476.899    12.910    13.89   17.18
 143852.982    18.526    14.93   15.75
 144229.063    23.605    13.50   15.24
 144605.141    30.364    17.97   13.51
 144981.218    33.338     7.91   11.66
 145357.293    31.218    -5.64   12.87
 145733.366    29.499    -4.57   12.92
 146109.436    30.248     1.99   12.46
 146485.505    29.167    -2.87   11.67
 146861.572    27.026    -5.69   14.44
 147237.637    19.987   -18.72   15.99
 147613.699    11.789   -21.80   12.18
 147989.760     7.607   -11.12   11.14
 148365.818     5.905    -4.53   11.23
