# NaN NaN NaN ;Mean Elev.(m), Avg Gradient(m/km), RMS Gradient(m/km) - SRTM1     
#   83.180  -1.095   4.540 ;Mean Elev.(m), Avg Gradient(m/km), RMS Gradient(m/km) - ASTER GDEM
#   91.156  -0.634   4.068 ;Mean Elev.(m), Avg Gradient(m/km), RMS Gradient(m/km) - GMTED2010 
  6 311.530701  -5.412084    90.479    90.497  4 52419.54909198 50.095
  7 311.530368  -5.413260    88.887    88.869  4 52454.54911706 49.108
  8 311.540024  -5.409277    88.385    88.353  4 52489.54909280 44.086
  9 311.535518  -5.410918    88.190    88.198  3 52524.54907027 46.262
 10 311.532012  -5.411342    87.674    87.739  4 52559.54911992 32.748
 11 311.527839  -5.414238    88.250    88.248  5 52594.54912518 37.505
 12 311.538903  -5.408537    89.175    89.205  4 52629.54905352 51.326
 13 311.533243  -5.410865    90.931    90.899  4 52664.54908596 43.135
 14 311.540404  -5.408967    93.190    93.174  4 52699.54905908 50.366
 15 311.541874  -5.408515    94.560    94.566  3 52734.54908758 48.635
 16 311.534278  -5.411427    93.288    93.287  4 52769.54908132 48.931
 17 311.533662  -5.410590    89.831    89.816  4 52804.54911246 42.799
 18 311.535978  -5.411939    88.544    88.598  4 52839.54917467 50.100
 19 311.535433  -5.410144    88.274    88.255  4 52874.54921377 50.945
 20 311.541589  -5.407303    88.053    88.067  4 52909.54918813 28.384
 21 311.541967  -5.408154    89.029    89.121  3 52944.54912546 49.714
 22 311.536099  -5.410670    89.005    89.048  3 52979.54917825 27.157
 23 311.532799  -5.412692    90.149    90.132  4 53014.54917605 50.563
 24 311.535531  -5.410544    95.093    95.084  4 53049.54914863 51.814
 25 311.526988  -5.415165    95.780    95.791  5 53084.54918553 47.741
 26 311.531713  -5.411741    95.566    95.581  4 53119.54915455 51.671
 27 311.528478  -5.413791    91.812    91.833  5 53154.54920719 49.980
 28 311.541810  -5.408457    89.422    89.434  4 53189.54919564 50.211
 29 311.538087  -5.410090    88.657    88.633  4 53224.54920841 47.995
 30 311.531518  -5.411483    87.829    87.852  4 53259.54918372 27.485
 31 311.525622  -5.415652    87.785    87.847  5 53294.54921096 31.811
 32 311.536747  -5.409584    88.896    88.891  4 53329.54918277 45.133
 33 311.539916  -5.407752    89.654    89.579  4 53364.54913315 51.190
 34 311.534158  -5.410305    91.652    91.643  4 53399.54915792 51.496
 35 311.538406  -5.408586    93.725    93.725  4 53434.54914779 45.785
 36 311.532561  -5.411859    94.610    94.597  4 53469.54919182 51.207
 37 311.530426  -5.413101    92.987    93.014  4 53504.54923417 22.677
 38 311.533632  -5.410913    89.943    89.946  4 53539.54923288 50.085
 39 311.531405  -5.413582    88.477    88.487  4 53574.54923009 35.454
 40 311.534236  -5.411284    87.788    87.843  3 53609.54917962 24.607
 41 311.534147  -5.411601    87.922    87.935  4 53644.54918251 36.459
 42 311.529168  -5.414295    87.911    87.898  4 53679.54920089 43.566
 43 311.539729  -5.407742    89.075    89.079  4 53714.54912747 39.414
 44 311.540212  -5.408592    92.360    92.349  4 53749.54904310 49.868
 45 311.539804  -5.408754    92.766    92.791  4 53784.54907365 33.530
 46 311.539660  -5.409384    93.228    93.224  4 53819.54903399 50.748
 47 311.529940  -5.414241    95.130    95.135  4 53854.54911668 51.280
 48 311.542976  -5.407293    92.754    92.768  4 53889.54912395 28.132
 49 311.523905  -5.416199    89.237    89.287  5 53924.54919239 49.602
 50 311.527480  -5.414881    88.094    88.047  4 53959.54918239 26.749
 51 311.537508  -5.410209    88.211    88.207  4 53994.54911379 37.032
 52 311.537100  -5.409768    88.519    88.530  4 54029.54917218 40.031
 53 311.539513  -5.407800    89.434    89.436  4 54064.54916570 35.076
 54 311.535459  -5.411154    90.166    90.177  4 54099.54913184 36.407
 55 311.535160  -5.410655    91.330    91.342  4 54134.54909071 49.366
 57 311.534206  -5.410824    94.007    94.043  4 54204.54909493 52.455
 58 311.536223  -5.410699    91.056    91.050  3 54239.54912886 49.900
 59 311.536013  -5.410826    88.992    89.006  3 54274.54914619 42.561
 61 311.537645  -5.408827    88.102    88.060  4 54344.54912377 30.314
 62 311.535385  -5.410299    87.768    87.871  4 54379.54908377 30.489
 63 311.535766  -5.409463    88.073    88.073  2 54414.54907248 25.790
 64 311.534501  -5.412178    88.789    88.808  4 54449.54905132 50.814
 65 311.537014  -5.411325    89.818    89.846  4 54484.54906742 48.031
 66 311.536066  -5.411525    91.755    91.753  4 54519.54906478 38.010
 67 311.535432  -5.411993    93.726    93.656  4 54554.54907870 43.316
 68 311.534920  -5.412161    93.406    93.394  4 54589.54906035 48.788
 69 311.535196  -5.411500    90.248    90.286  4 54624.54907780 51.650
 70 311.532978  -5.413104    88.601    88.533  4 54659.54908645 33.808
 71 311.536183  -5.411743    88.041    88.013  4 54694.54906565 32.537
 72 311.535515  -5.411260    87.612    87.633  4 54729.54904075 25.307
 73 311.534806  -5.411863    87.820    87.873  4 54764.54904453 34.634
 74 311.533963  -5.411534    88.643    88.602  4 54799.54903427 49.828
 75 311.535325  -5.410143    90.617    90.715  4 54834.54903465 35.638
 76 311.535213  -5.411581    91.444    91.423  4 54869.54903171 50.858
 77 311.533366  -5.412430    92.700    92.670  4 54904.54904439 43.904
 78 311.535177  -5.411065    93.140    93.081  3 54939.54902196 50.351
 79 311.534876  -5.410161    94.388    94.423  4 54974.54905268 51.375
 80 311.534081  -5.412655    89.940    89.935  4 55009.54906647 46.833
 81 311.536122  -5.409867    89.694    88.694  4 55044.54905561 24.292
 82 311.536106  -5.411032    88.126    88.109  3 55079.54903219 50.508
 83 311.535469  -5.411061    88.169    88.106  3 55114.54898884 48.263
 84 311.533896  -5.412469    89.021    89.073  4 55149.54898880 23.717
 85 311.534378  -5.411865    90.419    90.445  4 55184.54897193 48.335
 86 311.534294  -5.411549    92.374    92.396  4 55219.54898679 51.302
 87 311.536342  -5.410712    93.077    93.132  3 55254.54896801 45.492
 88 311.534830  -5.411903    93.202    93.229  4 55289.54897556 38.732
 89 311.533358  -5.411898    92.111    92.144  4 55324.54895452 45.522
 90 311.534581  -5.411195    89.425    89.470  4 55359.54895273 51.962
 91 311.534717  -5.411610    88.383    88.471  4 55394.54895687 45.605
 92 311.536872  -5.409590    88.137    88.101  4 55429.54896752 41.660
 93 311.538263  -5.408475    87.918    87.907  4 55464.54893020 27.268
