# NaN NaN NaN ;Mean Elev.(m), Avg Gradient(m/km), RMS Gradient(m/km) - SRTM1     
#   83.642  -3.018  10.681 ;Mean Elev.(m), Avg Gradient(m/km), RMS Gradient(m/km) - ASTER GDEM
#   96.386  -2.892   8.840 ;Mean Elev.(m), Avg Gradient(m/km), RMS Gradient(m/km) - GMTED2010 
  7 311.813517  -5.721980    93.009    93.009  2 52459.05296946 36.005
  9 311.813034  -5.721611    92.195    92.195  2 52529.05293639 35.236
 11 311.804682  -5.719953    92.948    92.924  4 52599.05298973 50.558
 12 311.810423  -5.721829    93.415    93.415  2 52634.05294079 50.867
 13 311.810158  -5.722597    95.880    95.880  2 52669.05295374 52.163
 15 311.811079  -5.721579    99.633    99.633  2 52739.05297432 46.888
 17 311.809562  -5.721825    93.744    93.744  2 52809.05299689 53.726
 18 311.811896  -5.722532    92.818    92.818  2 52844.05305368 51.794
 19 311.809907  -5.721759    92.457    92.457  2 52879.05309177 52.405
 23 311.812647  -5.721966    94.988    94.988  2 53019.05302930 49.607
 25 311.803295  -5.721840   101.552   101.503  4 53089.05305076 50.880
 26 311.812830  -5.721835   100.734   100.734  2 53124.05302086 48.337
 27 311.805070  -5.720797    95.826    95.818  4 53159.05308051 50.479
 30 311.808930  -5.721922    92.502    92.485  3 53264.05303957 50.943
 31 311.802463  -5.721547    92.907    92.874  3 53299.05308325 42.345
 32 311.811800  -5.721948    92.958    92.963  3 53334.05305363 49.880
 33 311.813731  -5.721980    93.646    93.646  2 53369.05299492 45.596
 34 311.812871  -5.721977    96.488    96.456  3 53404.05302628 34.730
 35 311.812218  -5.721273    99.327    99.327  2 53439.05301434 49.752
 36 311.807533  -5.720346    98.964    98.982  3 53474.05307391 49.331
 37 311.810780  -5.722047    97.110    97.089  3 53509.05309500 51.707
 38 311.807002  -5.719824    93.828    93.813  3 53544.05310891 51.951
 39 311.810541  -5.722888    92.683    92.683  2 53579.05308847 52.993
 40 311.808110  -5.720620    92.491    92.418  4 53614.05304253 49.363
 42 311.806395  -5.721404    92.408    92.295  4 53684.05306284 42.890
 47 311.807966  -5.719952   100.161   100.134  4 53859.05299079 50.230
 49 311.801666  -5.722326    93.501    93.508  4 53929.05306315 50.288
 50 311.804637  -5.720662    92.767    92.676  4 53964.05304369 50.368
 52 311.814793  -5.721826    92.906    92.906  2 54034.05304165 44.567
 54 311.811144  -5.722947    94.616    94.616  2 54104.05299175 36.508
 55 311.811878  -5.722329    96.369    96.369  2 54139.05296608 49.381
 56 311.810925  -5.721641    99.294    99.294  2 54174.05297097 35.390
 58 311.811874  -5.721348    94.618    94.618  2 54244.05300378 53.087
 59 311.811715  -5.720803    92.890    92.890  2 54279.05301640 51.220
 60 311.813248  -5.720886    92.344    92.344  2 54314.05301581 44.744
 61 311.812118  -5.722542    92.259    92.259  2 54349.05298556 52.812
 62 311.813267  -5.722228    92.275    92.275  2 54384.05295353 52.458
 63 311.811387  -5.722104    92.483    92.483  2 54419.05293503 51.777
 64 311.812986  -5.721590    92.825    92.829  3 54454.05292443 51.628
 65 311.813351  -5.722681    93.894    93.894  2 54489.05293405 52.300
 66 311.813966  -5.722075    96.068    96.068  2 54524.05293721 32.974
 67 311.811434  -5.721555    99.005    99.005  2 54559.05294372 51.864
 68 311.811689  -5.723138    98.214    98.214  2 54594.05293372 53.415
 69 311.811378  -5.722446    94.112    94.112  2 54629.05294825 50.037
 70 311.809820  -5.721199    92.815    92.815  2 54664.05295535 50.832
 71 311.813045  -5.721661    92.415    92.386  3 54699.05292765 51.299
 72 311.812120  -5.721980    92.241    92.253  3 54734.05291342 49.523
 73 311.812948  -5.722036    92.467    92.476  3 54769.05290699 51.455
 74 311.811124  -5.721712    92.918    92.918  2 54804.05290668 51.051
 75 311.812640  -5.722742    95.025    95.025  2 54839.05290120 50.681
 76 311.811478  -5.721651    95.891    95.891  2 54874.05290693 29.004
 77 311.810343  -5.723306    97.938    97.938  2 54909.05290710 51.154
 78 311.810579  -5.721105    98.786    98.786  2 54944.05289992 47.283
 79 311.810416  -5.720979    98.856    98.856  2 54979.05292731 51.643
 80 311.811704  -5.722724    93.940    93.940  2 55014.05293128 50.701
 81 311.812573  -5.721497    92.878    92.819  3 55049.05292490 49.373
 82 311.811181  -5.720947    92.444    92.444  2 55084.05289398 52.771
 83 311.813511  -5.720519    92.822    92.822  2 55119.05285660 45.966
 84 311.811007  -5.722152    93.908    93.872  3 55154.05285210 49.003
 85 311.811409  -5.721670    95.004    95.035  3 55189.05284580 49.481
 86 311.811559  -5.722792    97.221    97.221  2 55224.05285177 49.557
 87 311.812922  -5.721774    97.846    97.846  2 55259.05284112 50.140
 88 311.811514  -5.722520    98.494    98.494  2 55294.05283852 46.005
 89 311.809882  -5.722722    96.150    96.150  2 55329.05282452 50.227
 90 311.812170  -5.723113    93.234    93.234  2 55364.05281862 51.308
 91 311.811938  -5.721812    92.482    92.482  2 55399.05282870 51.887
 92 311.813256  -5.719935    92.212    92.212  2 55434.05283553 51.565
 93 311.812293  -5.721566    92.049    92.043  3 55469.05279089 32.230
