-160017.785   119.706     0.00   17.45
-159641.786   111.741   -21.18   23.12
-159265.786   105.177   -17.46   25.16
-158889.783    96.233   -23.79   24.38
-158513.778    85.817   -27.70   21.20
-158137.772    78.895   -18.41   17.79
-157761.763    72.983   -15.72   16.99
-157385.752    71.331    -4.39   15.32
-157009.740    69.186    -5.70   11.82
-156633.725    67.141    -5.44    7.68
-156257.708    69.303     5.75    7.98
-155881.689    74.709    14.38   10.52
-155505.668    81.305    17.54   11.18
-155129.646    89.119    20.78   11.97
-154753.621    93.790    12.42   15.91
-154377.594    91.969    -4.84   22.42
-154001.565    85.817   -16.36   29.17
-153625.534    64.870   -55.71   28.97
-153249.501    48.411   -43.77   18.25
-152873.466    43.069   -14.21   12.52
-152497.429    42.763    -0.81   11.87
-152121.390    40.141    -6.97   12.76
-151745.349    37.633    -6.67   12.79
-151369.305    35.538    -5.57   13.04
-150993.260    35.357    -0.48   12.55
-150617.213    36.357     2.66   12.72
-150241.163    35.816    -1.44   12.10
-149865.112    38.330     6.69   15.62
-149489.059    40.709     6.32   15.00
-149113.003    45.581    12.96   14.82
-148736.946    49.494    10.41   16.92
-148360.886    51.195     4.52   17.70
-147984.824    48.485    -7.21   17.54
-147608.761    44.581   -10.38   14.41
-147232.695    52.659    21.48   19.33
-146856.627    61.249    22.84   22.62
-146480.557    72.519    29.97   24.27
-146104.485    85.896    35.57   17.40
-145728.411    89.927    10.72   16.75
-145352.335    92.411     6.61   17.49
-144976.257    97.260    12.89   13.27
-144600.176    97.433     0.46   15.10
-144224.094    99.126     4.50   13.73
-143848.010    97.729    -3.71   12.04
-143471.923   101.736    10.65   14.28
-143095.835   105.438     9.85   18.69
-142719.744   111.898    17.17   23.38
-142343.651   117.794    15.68   24.22
-141967.556   123.141    14.22   24.70
-141591.459   129.265    16.28   23.14
-141215.360   136.738    19.87   23.22
-140839.259   149.587    34.16   18.89
-140463.156   156.763    19.08   13.65
-140087.051   162.719    15.84    7.06
-139710.943   165.291     6.84    6.72
-139334.834   167.705     6.42    4.84
-138958.722   169.546     4.90    4.24
-138582.609   170.510     2.56    3.12
-138206.493   171.028     1.38    3.56
-137830.375   171.946     2.44    3.89
-137454.255   172.255     0.82    4.18
-137078.133   171.212    -2.77    5.07
-136702.009   166.709   -11.97   12.39
-136325.882   150.038   -44.32   27.41
-135949.754   132.562   -46.46   28.69
-135573.623   121.686   -28.91   26.15
-135197.491   120.305    -3.67   26.74
-134821.356   131.433    29.59   32.31
-134445.219   143.074    30.95   28.57
-134069.080   152.114    24.03   18.20
-133692.939   158.619    17.29   14.60
-133316.796   159.767     3.05   13.53
-132940.650   165.177    14.38   10.58
-132564.503   170.790    14.92   10.01
-132188.353   178.033    19.26    4.95
-131812.201   180.709     7.11    4.45
-131436.047   180.818     0.29    4.61
-131059.891   181.873     2.80    4.83
-130683.733   182.444     1.52    4.36
-130307.572   183.186     1.97    4.15
-129931.410   184.983     4.78    2.97
-129555.245   185.844     2.29    3.20
-129179.079   185.682    -0.43    3.88
-128802.910   185.357    -0.86    3.74
-128426.739   185.238    -0.31    3.67
-128050.565   185.049    -0.50    3.31
-127674.390   183.249    -4.78    3.11
-127298.212   181.949    -3.46    3.13
-126922.033   180.319    -4.33    3.54
-126545.851   179.983    -0.89    2.88
-126169.667   179.952    -0.08    2.88
-125793.481   181.357     3.74    3.11
-125417.292   181.519     0.43    3.65
-125041.102   181.384    -0.36    3.99
-124664.909   181.615     0.61    4.14
-124288.714   180.444    -3.11    4.04
-123912.517   178.923    -4.04    3.82
-123536.318   177.682    -3.30    3.24
-123160.117   176.357    -3.52    3.38
-122783.913   174.870    -3.95    3.01
-122407.708   173.028    -4.90    3.20
-122031.500   170.581    -6.51    3.52
-121655.290   168.151    -6.46    4.13
-121279.078   164.222   -10.44    5.99
-120902.863   159.370   -12.90    9.53
-120526.647   148.919   -27.78   15.79
-120150.428   134.301   -38.85   17.40
-119774.207   122.817   -30.52   14.54
-119397.984   110.195   -33.55   12.32
-119021.758    98.736   -30.46   15.47
-118645.531    88.492   -27.23   14.36
-118269.301    84.510   -10.58   12.88
-117893.069    79.485   -13.36   13.09
-117516.835    76.686    -7.44   12.62
-117140.599    74.384    -6.12   12.68
-116764.360    69.690   -12.48   13.00
-116388.120    66.870    -7.49   13.15
-116011.877    59.844   -18.67   16.77
-115635.631    48.060   -31.32   16.47
-115259.384    37.485   -28.11   13.67
-114883.135    34.427    -8.13   10.92
-114506.883    35.370     2.51   12.29
-114130.629    42.049    17.75   14.00
-113754.373    48.722    17.74   12.81
-113378.114    53.074    11.57   14.01
-113001.854    55.141     5.49   12.98
-112625.591    58.168     8.04   12.94
-112249.326    62.249    10.85   14.02
-111873.058    68.177    15.75   15.14
-111496.789    73.305    13.63   14.67
-111120.517    72.966    -0.90   13.75
-110744.243    70.682    -6.07   10.63
-110367.967    73.357     7.11   12.89
-109991.688    78.712    14.23   14.38
-109615.408    89.562    28.83   16.79
-109239.125   103.844    37.95   17.46
-108862.840   112.921    24.12   18.53
-108486.552   122.114    24.43   12.50
-108110.263   120.655    -3.88   13.43
-107733.971   108.492   -32.32   20.65
-107357.677    91.529   -45.08   19.96
-106981.380    88.023    -9.32   16.23
-106605.082    91.280     8.65   17.09
-106229.000    99.316    21.37   17.47
-105853.155   110.763    30.46   11.03
-105477.308   112.677     5.09   10.74
-105101.458   108.107   -12.16   13.27
-104725.606   100.544   -20.12   14.92
-104349.752    89.573   -29.19   16.77
-103973.896    82.946   -17.63   17.96
-103598.038    76.870   -16.17   19.18
-103222.177    73.002   -10.29   15.12
-102846.314    80.438    19.79   19.81
-102470.448    89.869    25.09   23.82
-102094.581    95.006    13.67   22.57
-101718.711    96.357     3.60   22.98
-101342.839    84.844   -30.63   20.17
-100966.965    72.215   -33.60   17.11
-100591.088    63.946   -22.00   16.19
-100215.209    56.587   -19.58   12.88
 -99839.328    52.010   -12.18   12.49
 -99463.444    45.817   -16.48   17.15
 -99087.559    43.510    -6.14   19.84
 -98711.671    33.765   -25.93   18.18
 -98335.780    29.094   -12.43   13.86
 -97959.888    28.438    -1.74   13.49
 -97583.993    29.502     2.83   14.15
 -97208.096    33.975    11.90   15.13
 -96832.196    35.536     4.15   14.64
 -96456.295    40.006    11.89   14.48
 -96080.391    45.419    14.40   14.16
 -95704.484    50.923    14.64   11.48
 -95328.576    55.790    12.95   10.06
 -94952.665    59.871    10.86   12.94
 -94576.752    67.260    19.66   14.56
 -94200.836    73.716    17.17   13.15
 -93824.918    83.690    26.53   15.07
 -93448.998    91.594    21.03   14.48
 -93073.076    97.817    16.56   15.21
 -92697.151   103.038    13.89   19.13
 -92321.224   104.222     3.15   18.13
 -91945.295    98.690   -14.72   20.50
 -91569.363    94.087   -12.24   17.28
 -91193.429    91.028    -8.14   13.59
 -90817.493    91.396     0.98   13.04
 -90441.554    99.769    22.27   16.50
 -90065.613   111.736    31.83   17.34
 -89689.670   118.969    19.24   14.09
 -89313.725   120.049     2.87   16.68
 -88937.777   117.114    -7.81   20.57
 -88561.827   109.492   -20.27   18.28
 -88185.874   108.276    -3.23   15.03
 -87809.919   108.475     0.53   12.13
 -87433.962   111.613     8.35   11.25
 -87058.003   117.677    16.13   10.55
 -86682.041   121.244     9.49   10.64
 -86306.077   122.528     3.42   10.95
 -85930.110   119.260    -8.69   13.79
 -85554.141   113.002   -16.65   12.70
 -85178.170   110.844    -5.74   10.38
 -84802.197   112.896     5.46   11.47
 -84426.221   120.449    20.09   16.70
 -84050.242   129.469    23.99   19.60
 -83674.262   140.763    30.04   18.83
 -83298.279   141.594     2.21   16.97
 -82922.294   139.126    -6.56   15.65
 -82546.306   134.760   -11.61   16.24
 -82170.316   126.925   -20.84   16.09
 -81794.324   122.087   -12.87   14.76
 -81418.329   121.028    -2.82   15.44
 -81042.332   122.394     3.63   15.43
 -80666.333   126.736    11.55   15.25
 -80290.331   134.519    20.70   14.98
 -79914.327   143.895    24.94    9.45
 -79538.320   145.659     4.69    8.44
 -79162.311   147.475     4.83   10.97
 -78786.300   143.716   -10.00   10.89
 -78410.286   141.317    -6.38   10.00
 -78034.271   138.677    -7.02    8.15
 -77658.252   137.869    -2.15    7.68
 -77282.231   136.087    -4.74    9.91
 -76906.208   134.669    -3.77   12.82
 -76530.183   128.690   -15.90   14.86
 -76154.155   128.121    -1.51   14.98
 -75778.125   127.330    -2.10   13.30
 -75402.092   126.709    -1.65   12.99
 -75026.057   129.949     8.62   13.94
 -74650.020   137.895    21.13   15.47
 -74273.980   144.736    18.19   17.24
 -73897.938   154.919    27.08   15.70
 -73521.893   159.049    10.98   14.81
 -73145.846   157.633    -3.76   16.01
 -72769.797   153.303   -11.51   18.67
 -72393.745   142.126   -29.72   18.21
 -72017.691   133.639   -22.57   14.33
 -71641.634   134.510     2.32   17.88
 -71265.575   140.716    16.50   23.38
 -70889.513   149.149    22.43   21.37
 -70513.450   146.644    -6.66   20.62
 -70137.383   140.408   -16.58   18.98
 -69761.315   138.550    -4.94   14.31
 -69385.244   133.952   -12.23   11.81
 -69009.170   132.465    -3.95   11.76
 -68633.094   134.817     6.25   14.69
 -68257.016   140.485    15.07   14.44
 -67880.935   144.060     9.51   15.04
 -67504.852   145.219     3.08   13.91
 -67128.767   142.049    -8.43   13.60
 -66752.679   141.659    -1.04   13.98
 -66376.588   141.600    -0.16   11.60
 -66000.495   143.949     6.24   10.36
 -65624.400   149.203    13.97   11.09
 -65248.302   155.594    16.99   12.73
 -64872.202   166.536    29.09   18.82
 -64496.100   182.927    43.58   24.96
 -64119.995   200.265    46.10   29.72
 -63743.887   223.151    60.85   27.75
 -63367.777   235.969    34.08   21.52
 -62991.665   239.736    10.02   20.99
 -62615.550   233.949   -15.39   24.46
 -62239.433   223.655   -27.37   29.44
 -61863.313   213.280   -27.58   33.66
 -61487.191   200.033   -35.22   35.39
 -61111.067   196.074   -10.52   31.18
 -60734.940   197.177     2.93   30.31
 -60358.810   206.382    24.47   32.13
 -59982.678   224.276    47.57   27.43
 -59606.544   236.331    32.05   21.75
 -59230.407   236.767     1.16   19.39
 -58854.267   228.955   -20.77   28.28
 -58478.126   204.536   -64.92   38.89
 -58101.981   175.844   -76.28   37.36
 -57725.835   154.923   -55.62   28.51
 -57349.686   144.972   -26.45   19.55
 -56973.534   145.687     1.90   20.04
 -56597.380   155.151    25.16   30.89
 -56221.223   166.126    29.17   37.08
 -55845.064   173.384    19.30   42.23
 -55468.902   166.382   -18.61   42.30
 -55092.738   159.655   -17.88   41.07
 -54716.572   150.562   -24.17   41.36
 -54340.403   127.433   -61.48   26.32
 -53964.231   119.528   -21.02   14.84
 -53588.057   116.107    -9.09   12.41
 -53211.881   113.280    -7.52   13.55
 -52835.702   115.921     7.02   12.00
 -52459.521   115.979     0.15   10.86
 -52083.337   116.475     1.32   11.83
 -51707.150   114.006    -6.56   13.66
 -51330.961   108.438   -14.80   14.69
 -50954.770   102.607   -15.50   12.11
 -50578.576   102.219    -1.03   11.52
 -50202.380   109.998    20.68   13.41
 -49826.181   117.357    19.56   12.38
 -49449.979   119.983     6.98   10.65
 -49073.775   119.613    -0.98   10.40
 -48697.569   115.060   -12.10    9.26
 -48321.360   111.100   -10.53    8.85
 -47945.148   105.844   -13.97   12.14
 -47568.934    99.528   -16.79   13.83
 -47192.718    92.682   -18.20   10.51
 -46816.499    92.433    -0.66    9.36
 -46440.277    95.771     8.87   11.52
 -46064.053    99.399     9.65    9.81
 -45687.827    98.528    -2.32   10.63
 -45311.598    96.081    -6.50   12.11
 -44935.366    97.952     4.97   14.11
 -44559.132   101.573     9.63   14.63
 -44182.895   105.329     9.98   11.53
 -43806.656   100.228   -13.56   15.50
 -43430.414    89.639   -28.15   16.93
 -43054.170    79.871   -25.96   14.12
 -42677.923    75.280   -12.20   10.31
 -42301.674    74.038    -3.30    9.32
 -41925.422    74.716     1.80    9.02
 -41549.167    76.305     4.23    7.57
 -41172.910    74.844    -3.88    7.35
 -40796.651    74.790    -0.14    5.20
 -40420.389    74.741    -0.13    4.72
 -40044.124    72.544    -5.84    7.15
 -39667.857    70.546    -5.31    8.87
 -39291.587    67.562    -7.93   10.41
 -38915.315    62.975   -12.19   11.59
 -38539.040    57.276   -15.15   12.06
 -38162.763    56.222    -2.80   10.42
 -37786.483    57.215     2.64   10.15
 -37410.200    57.280     0.17    9.83
 -37033.915    58.569     3.43   10.58
 -36657.627    55.573    -7.96   13.48
 -36281.337    49.536   -16.04   15.73
 -35905.044    44.455   -13.50   14.38
 -35528.749    41.265    -8.48   10.31
 -35152.451    41.664     1.06    8.32
 -34776.151    44.870     8.52    7.22
 -34399.848    48.133     8.67    4.69
 -34023.542    48.203     0.18    3.25
 -33647.234    47.744    -1.22    3.51
 -33270.923    46.600    -3.04    4.62
 -32894.610    44.744    -4.93    5.33
 -32518.294    42.475    -6.03    5.35
 -32141.975    40.427    -5.44    5.33
 -31765.654    37.655    -7.37    5.35
 -31389.330    35.510    -5.70    5.18
 -31013.445    33.895    -4.30    4.98
 -30637.632    32.569    -3.53    5.05
 -30261.816    31.330    -3.30    6.07
 -29885.997    28.294    -8.08    7.44
 -29510.176    23.528   -12.68    9.44
 -29134.353    18.265   -14.00    8.90
 -28758.527    13.054   -13.86    4.88
 -28382.698    11.291    -4.69    2.32
 -28006.866    10.195    -2.92    2.89
 -27631.032     8.411    -4.75    4.26
 -27255.196     5.744    -7.10    4.62
 -26879.357     3.566    -5.79    3.61
 -26503.515     3.126    -1.17    2.63
 -26127.671     5.238     5.62    4.23
 -25751.824     7.465     5.92    4.74
 -25375.974     9.222     4.67    3.97
 -25000.122    10.330     2.95    2.71
 -24624.267    10.716     1.03    1.99
 -24248.410    11.294     1.54    2.53
 -23872.550    11.763     1.25    2.62
 -23496.687    11.919     0.42    2.87
 -23120.822    11.396    -1.39    2.97
 -22744.954    11.238    -0.42    3.05
 -22369.083    10.682    -1.48    2.85
 -21993.210    10.536    -0.39    3.13
 -21617.334    11.006     1.25    2.69
 -21241.456    10.705    -0.80    3.11
 -20865.575    11.475     2.05    3.36
 -20489.691    12.177     1.87    3.99
 -20113.805    12.177     0.00    3.94
 -19737.916    12.100    -0.20    3.61
 -19362.024    12.087    -0.04    3.27
 -18986.130    11.763    -0.86    2.56
 -18610.233    12.006     0.65    2.18
 -18234.334    12.254     0.66    2.55
 -17858.432    12.619     0.97    2.51
 -17482.527    12.411    -0.55    2.42
 -17106.619    11.639    -2.06    2.17
 -16730.709    12.502     2.30    4.33
 -16354.797    14.265     4.69    6.82
 -15978.881    16.898     7.00    8.78
 -15602.963    19.944     8.10    9.78
 -15227.042    23.344     9.04    9.36
 -14851.119    25.427     5.54    7.14
 -14475.193    28.502     8.18    6.38
 -14099.264    29.844     3.57    4.10
 -13723.333    30.792     2.52    3.29
 -13347.399    30.972     0.48    3.41
 -12971.462    30.566    -1.08    3.84
 -12595.523    30.330    -0.63    3.52
 -12219.581    30.573     0.65    2.62
 -11843.636    30.738     0.44    2.13
 -11467.689    30.669    -0.19    2.45
 -11091.739    30.168    -1.33    2.48
 -10715.786    29.613    -1.48    2.49
 -10339.831    29.054    -1.49    2.58
  -9963.873    28.554    -1.33    2.82
  -9587.912    27.736    -2.18    2.72
  -9211.949    26.769    -2.57    2.66
  -8835.983    25.528    -3.30    2.42
  -8460.014    24.455    -2.85    1.89
  -8084.042    24.087    -0.98    1.82
  -7708.068    24.038    -0.13    1.98
  -7332.091    24.074     0.10    1.93
  -6956.112    24.818     1.98    2.22
  -6580.129    25.358     1.44    2.64
  -6204.145    24.925    -1.15    3.47
  -5828.157    23.898    -2.73    4.52
  -5452.167    21.790    -5.61    4.65
  -5076.173    19.144    -7.04    3.57
  -4700.178    17.655    -3.96    2.36
  -4324.179    17.738     0.22    2.68
  -3948.178    18.291     1.47    3.29
  -3572.174    18.280    -0.03    3.63
  -3196.168    16.790    -3.96    4.61
  -2820.158    14.619    -5.77    4.32
  -2444.146    11.291    -8.85    4.75
  -2068.131     8.094    -8.50    5.88
  -1692.114     4.952    -8.36    6.30
  -1316.094     1.399    -9.45    3.69
   -940.071    -0.028    -3.80    1.88
   -564.045    -0.336    -0.82    1.43
   -188.017    -0.156     0.48    1.26
    188.014     0.682     2.23    2.15
    564.048     2.465     4.74    4.60
    940.085     6.195     9.92    7.57
   1316.124    11.228    13.38    8.59
   1692.166    16.438    13.85    8.62
   2068.211    23.203    17.99    7.12
   2444.258    27.186    10.59    5.61
   2820.308    29.818     7.00    5.46
   3196.361    32.303     6.61    6.38
   3572.417    35.892     9.54    7.30
   3948.475    38.792     7.71    7.54
   4324.537    40.649     4.94    6.47
   4700.601    42.573     5.12    7.63
   5076.667    45.060     6.61    7.19
   5452.737    45.738     1.80    6.41
   5828.809    47.536     4.78    5.87
   6204.884    49.167     4.34    6.53
   6580.962    50.639     3.91    6.57
   6957.042    52.212     4.18    7.47
   7333.125    51.316    -2.38    9.87
   7709.211    48.716    -6.91   11.15
   8085.300    47.107    -4.28   10.19
   8461.392    44.562    -6.77    9.44
   8837.486    42.254    -6.14    8.21
   9213.583    41.544    -1.89    7.90
   9589.683    41.141    -1.07    8.72
   9965.785    40.819    -0.86    8.88
  10341.891    43.203     6.34   10.30
  10717.999    46.983    10.05   13.60
  11094.110    55.330    22.19   13.16
  11470.224    64.898    25.44    8.34
  11846.340    68.465     9.49    8.59
  12222.459    70.331     4.96    9.28
  12598.581    71.358     2.73    9.01
  12974.706    66.946   -11.73   11.75
  13350.834    65.738    -3.21   10.60
  13726.964    64.483    -3.34    8.67
  14103.098    65.664     3.14    7.47
  14479.234    66.791     3.00    6.61
  14855.372    67.869     2.87    6.73
  15231.514    71.844    10.57    7.53
  15607.658    76.562    12.54    8.47
  15983.806    80.979    11.74    6.77
  16359.956    81.690     1.89    6.37
  16736.108    82.494     2.14    6.69
  17112.264    82.594     0.27    6.85
  17488.423    86.519    10.44    7.04
  17864.584    90.519    10.63    5.12
  18240.748    91.114     1.58    5.29
  18616.915    93.081     5.23    5.28
  18993.084    93.758     1.80    5.00
  19369.257    95.994     5.94    4.10
  19745.432    97.686     4.50    2.65
  20121.610    98.357     1.78    2.57
  20497.791    95.126    -8.59    6.61
  20873.975    90.870   -11.31    9.07
  21250.162    80.423   -27.77   15.44
  21626.351    68.896   -30.64   13.11
  22002.543    64.280   -12.27    9.43
  22378.738    66.033     4.66   10.18
  22754.936    73.396    19.57   12.01
  23131.137    82.569    24.38   10.52
  23507.341    88.958    16.98    5.66
  23883.547    87.573    -3.68    8.20
  24259.756    81.438   -16.31   12.18
  24635.969    70.600   -28.81   14.45
  25012.184    59.682   -29.02   12.53
  25388.401    56.483    -8.50   10.46
  25764.622    56.044    -1.17    7.84
  26140.845    57.765     4.57    7.49
  26517.072    56.168    -4.24    7.91
  26893.301    53.151    -8.02    7.36
  27269.533    52.107    -2.78    7.77
  27645.768    54.975     7.62    8.55
  28022.006    60.765    15.39    9.09
  28398.246    66.587    15.48    9.93
  28774.490    72.222    14.98    9.92
  29150.736    76.081    10.26    8.06
  29526.985    78.619     6.75    6.16
  29903.237    78.101    -1.38    6.77
  30279.492    76.896    -3.20    7.29
  30655.750    76.898     0.00    6.75
  31032.011    76.168    -1.94    6.28
  31408.274    79.600     9.12    6.79
  31784.541    83.566    10.54    7.51
  32160.810    87.919    11.57    6.89
  32537.082    89.510     4.23    5.64
  32913.357    90.898     3.69    6.39
  33289.635    90.510    -1.03    7.22
  33665.916    91.151     1.70    7.52
  34042.200    93.100     5.18    6.80
  34418.486    94.195     2.91    6.90
  34794.776    95.228     2.75    6.74
  35171.068    97.455     5.92    7.71
  35547.364    98.212     2.01    7.46
  35923.662    99.485     3.38    6.63
  36299.963   102.215     7.26    6.68
  36676.267   105.254     8.08    7.82
  37052.574   106.114     2.29    7.81
  37428.883   105.195    -2.44    8.56
  37805.196   102.844    -6.25    9.72
  38181.512   102.427    -1.11   12.20
  38557.830   103.177     1.99   14.79
  38934.151   102.039    -3.02   15.57
  39310.476    98.682    -8.92   14.56
  39686.803    94.819   -10.26   12.15
  40063.133    94.317    -1.33   10.64
  40439.466    97.074     7.33    9.37
  40815.802    99.291     5.89    8.25
  41192.141   102.613     8.83    7.70
  41568.483   102.066    -1.45    7.81
  41944.827   105.896    10.18    9.34
  42321.175   110.562    12.40    8.46
  42697.526   111.015     1.20    8.66
  43073.879   111.228     0.57    8.23
  43450.235   108.639    -6.88    8.74
  43826.454   104.357   -11.38    8.81
  44202.225   100.546   -10.14    8.87
  44577.998    97.927    -6.97    7.60
  44953.774    96.433    -3.97    8.72
  45329.554    98.185     4.66   10.12
  45705.336   100.006     4.85    9.44
  46081.121    94.769   -13.94   12.74
  46456.909    86.449   -22.14   11.82
  46832.700    81.896   -12.11    8.39
  47208.494    82.600     1.87   10.97
  47584.291    88.069    14.55   12.29
  47960.090    95.222    19.04    9.58
  48335.893   100.141    13.09    6.93
  48711.699   101.817     4.46    7.27
  49087.507   104.729     7.75    8.01
  49463.319   104.459    -0.72   10.29
  49839.133   103.305    -3.07   11.49
  50214.951   100.427    -7.66   13.19
  50590.771    94.790   -15.00   11.53
  50966.595    91.177    -9.61    9.27
  51342.421    93.028     4.92   10.10
  51718.250    98.894    15.61   10.18
  52094.083   103.222    11.52    9.92
  52469.918   107.305    10.86   10.63
  52845.756   110.317     8.01   10.22
  53221.597   111.633     3.50    9.72
  53597.441   116.195    12.14    9.88
  53973.288   121.419    13.90   10.44
  54349.138   125.979    12.13    8.61
  54724.991   125.330    -1.73    8.69
  55100.847   121.249   -10.86   10.64
  55476.706   115.101   -16.36    8.37
  55852.568   113.151    -5.19    7.22
  56228.433   113.562     1.09    8.11
  56604.301   114.222     1.76    8.32
  56980.172   114.655     1.15    5.95
  57356.046   113.788    -2.30    6.39
  57731.923   109.396   -11.68    7.97
  58107.802   104.969   -11.78    9.10
  58483.685   100.952   -10.69    8.01
  58859.571    99.510    -3.83    7.88
  59235.460    99.291    -0.58    7.78
  59611.352   100.475     3.15    7.20
  59987.246   105.141    12.41    7.94
  60363.144   109.444    11.45    9.38
  60739.045   116.790    19.54   12.96
  61114.949   126.330    25.38   15.95
  61490.856   134.682    22.22   13.93
  61866.765   137.444     7.35   12.33
  62242.678   133.382   -10.80   14.02
  62618.594   127.485   -15.69   13.18
  62994.513   125.983    -4.00   12.25
  63370.435   123.370    -6.95   13.79
  63746.360   116.844   -17.36   14.73
  64122.287   110.554   -16.73   15.87
  64498.218   104.694   -15.59   14.27
  64874.152   101.195    -9.31   10.81
  65250.089    98.870    -6.18    9.17
  65626.029   100.607     4.62    9.98
  66001.972    98.357    -5.99   10.16
  66377.918    97.357    -2.66    8.86
  66753.867    95.694    -4.42    8.59
  67129.819    97.133     3.83    8.15
  67505.774   105.168    21.37   14.91
  67881.732   111.790    17.61   20.10
  68257.694   119.427    20.31   29.22
  68633.658   127.100    20.41   32.16
  69009.625   132.049    13.16   32.68
  69385.595   133.149     2.93   28.03
  69761.569   130.738    -6.41   23.65
  70137.545   125.677   -13.46   27.58
  70513.524   114.712   -29.16   27.94
  70889.507   103.126   -30.82   19.46
  71265.492    98.600   -12.04   13.07
  71641.481    99.975     3.66   13.33
  72017.473   102.186     5.88   15.75
  72393.467   102.587     1.07   17.50
  72769.465   103.330     1.98   15.00
  73145.466   106.619     8.75   14.14
  73521.470   109.664     8.10   13.22
  73897.476   111.060     3.71   14.52
  74273.486   113.168     5.61   15.04
  74649.499   114.141     2.59   13.88
  75025.516   113.074    -2.84   13.61
  75401.535   110.818    -6.00   11.28
  75777.557   109.983    -2.22   10.40
  76153.582   108.765    -3.24    8.59
  76529.611   109.288     1.39    8.24
  76905.642   110.396     2.95    7.88
  77281.677   112.510     5.62    8.35
  77657.714   115.600     8.22    7.22
  78033.755   116.975     3.66    7.25
  78409.799   117.844     2.31    6.70
  78785.846   119.419     4.19    5.87
  79161.895   119.952     1.42    6.02
  79537.949   117.869    -5.54    6.73
  79914.005   115.357    -6.68    6.70
  80290.064   111.871    -9.27    4.85
  80666.126   110.006    -4.96    5.24
  81042.192   109.087    -2.44    6.66
  81418.260   106.254    -7.53    8.36
  81794.332   104.177    -5.52    8.99
  82170.406   103.288    -2.36   10.06
  82546.484    99.972    -8.82   11.19
  82922.565    95.975   -10.63    8.68
  83298.649    93.177    -7.44    7.22
  83674.736    92.819    -0.95    8.08
  84050.826    93.870     2.80   10.74
  84426.920    92.159    -4.55    9.42
  84803.016    91.107    -2.80    8.99
  85179.116    87.194   -10.40    8.05
  85555.219    83.357   -10.20    4.47
  85931.324    82.419    -2.50    4.15
  86307.433    82.100    -0.85    4.48
  86683.545    84.979     7.65    9.05
  87059.660    85.600     1.65    9.95
  87435.779    84.763    -2.23   11.28
  87811.900    83.002    -4.68   11.60
  88188.025    79.716    -8.74    8.86
  88564.152    80.010     0.78    8.91
  88940.283    80.562     1.47   11.86
  89316.417    79.923    -1.70   11.90
  89692.554    76.288    -9.66    7.04
  90068.694    75.459    -2.20    6.36
  90444.838    76.536     2.86    8.30
  90820.984    74.716    -4.84    7.22
  91197.134    75.896     3.14    9.36
  91573.287    75.969     0.19   10.12
  91949.443    78.709     7.28   12.34
  92325.602    79.169     1.22   12.18
  92701.764    76.869    -6.11   11.46
  93077.929    74.288    -6.86    9.40
  93454.098    71.871    -6.43    6.68
  93830.270    70.952    -2.44    6.15
  94206.444    72.627     4.45    6.81
  94582.622    73.587     2.55    7.00
  94958.804    72.546    -2.77    7.09
  95334.988    71.972    -1.53    7.33
  95711.175    68.817    -8.39    7.37
  96087.366    66.546    -6.04    6.71
  96463.560    64.382    -5.75    6.16
  96839.757    63.459    -2.45    5.53
  97215.957    61.972    -3.95    4.89
  97592.160    62.686     1.90    4.51
  97968.367    64.305     4.30    4.66
  98344.577    63.979    -0.87    4.21
  98720.790    62.485    -3.97    5.04
  99097.006    61.419    -2.83    4.47
  99473.225    59.010    -6.40    3.71
  99849.447    56.655    -6.26    3.41
 100225.673    55.357    -3.45    3.62
 100601.902    54.141    -3.23    2.79
 100978.134    54.177     0.10    3.19
 101354.369    55.066     2.36    4.07
 101730.607    57.494     6.45    5.35
 102106.849    60.502     7.99    6.74
 102483.093    63.925     9.10    8.25
 102859.341    64.869     2.51    8.16
 103235.592    65.002     0.35    7.77
 103611.847    67.238     5.95    7.77
 103988.104    69.054     4.83    8.85
 104364.365    72.844    10.07    7.47
 104740.629    75.438     6.90    5.54
 105116.896    76.792     3.60    4.93
 105493.167    78.419     4.32    4.78
 105869.440    82.371    10.51    6.34
 106245.717    84.682     6.14    7.07
 106621.997    85.898     3.23    8.27
 106998.280    84.546    -3.59    8.65
 107374.567    78.871   -15.08   10.02
 107750.856    74.872   -10.63   10.17
 108127.149    71.294    -9.51    9.59
 108503.445    66.686   -12.25    7.21
 108879.745    65.276    -3.75    7.20
 109256.047    64.946    -0.88    6.48
 109632.353    67.028     5.53    7.03
 110008.662    68.449     3.78    6.32
 110384.975    67.423    -2.73    7.12
 110761.290    63.151   -11.35    6.97
 111137.609    60.736    -6.42    5.26
 111513.931    60.159    -1.53    4.54
 111890.256    62.119     5.21    5.60
 112266.584    65.444     8.84    6.73
 112642.916    67.303     4.94    7.16
 113019.251    68.844     4.09    6.97
 113395.589    68.844     0.00    4.89
 113771.931    69.330     1.29    3.85
 114148.276    71.038     4.54    5.53
 114524.623    74.019     7.92    5.87
 114900.975    76.949     7.79    5.00
 115277.329    78.655     4.53    5.13
 115653.687    78.100    -1.47    6.95
 116030.048    77.212    -2.36    8.68
 116406.412    75.613    -4.25    7.85
 116782.780    71.659   -10.50    7.74
 117159.150    68.639    -8.03    7.15
 117535.524    64.844   -10.08    7.63
 117911.902    61.554    -8.74    6.88
 118288.282    59.769    -4.74    5.91
 118664.666    57.444    -6.18    5.75
 119040.644    55.396    -5.45    5.31
 119416.376    54.600    -2.12    4.17
 119792.111    54.763     0.43    4.21
 120167.849    53.573    -3.17    4.60
 120543.591    52.233    -3.57    5.21
 120919.335    50.494    -4.63    4.79
 121295.083    50.074    -1.12    3.70
 121670.835    52.276     5.86    5.64
 122046.590    55.844     9.49    5.93
 122422.348    59.396     9.45    6.37
 122798.109    63.100     9.86    6.59
 123173.873    66.817     9.89    5.55
 123549.641    71.228    11.74    7.67
 123925.412    73.871     7.03    8.29
 124301.187    78.633    12.67    9.50
 124676.964    83.319    12.47    9.44
 125052.745    85.301     5.27    9.59
 125428.529    82.844    -6.54   11.31
 125804.317    78.465   -11.65   13.21
 126180.108    71.303   -19.06   11.92
 126555.902    66.033   -14.02    6.55
 126931.699    65.205    -2.20    6.77
 127307.500    63.469    -4.62    6.88
 127683.304    62.228    -3.30    7.30
 128059.111    60.186    -5.44    7.69
 128434.922    55.716   -11.90    6.16
 128810.736    53.716    -5.32    6.45
 129186.553    50.998    -7.23    5.31
 129562.374    50.790    -0.55    5.42
 129938.198    51.792     2.67    5.81
 130314.025    55.538     9.97    7.95
 130689.856    60.581    13.42    8.17
 131065.689    64.644    10.81    8.52
 131441.527    68.387     9.96    6.95
 131817.367    69.613     3.26    6.11
 132193.211    72.276     7.09    8.86
 132569.058    76.600    11.51   10.55
 132944.908    81.060    11.87   10.19
 133320.762    83.594     6.74    9.78
 133696.619    85.792     5.85   12.29
 134072.480    84.280    -4.03   12.76
 134448.344    83.975    -0.81   12.48
 134824.211    81.382    -6.90   10.53
 135200.081    77.869    -9.35    7.05
 135575.955    76.203    -4.43    7.69
 135951.832    72.222   -10.59    6.83
 136327.713    69.357    -7.62    7.30
 136703.596    66.983    -6.32    6.27
 137079.484    65.357    -4.33    5.10
 137455.374    66.331     2.59    6.49
 137831.268    69.510     8.46    7.52
 138207.165    74.203    12.48    8.43
 138583.066    78.682    11.92    7.16
 138958.970    82.554    10.30    6.65
 139334.877    85.519     7.89    5.86
 139710.788    84.510    -2.68    7.38
 140086.702    80.921    -9.55    9.68
 140462.619    77.280    -9.69    9.27
 140838.540    74.949    -6.20    8.69
 141214.464    74.449    -1.33    8.40
 141590.392    71.818    -7.00    8.13
 141966.322    68.998    -7.50    8.48
 142342.257    65.087   -10.40    8.26
 142718.194    60.126   -13.20    7.93
 143094.135    54.538   -14.86    8.43
 143470.080    50.049   -11.94    8.81
 143846.027    45.074   -13.23    6.97
 144221.978    41.812    -8.68    4.29
 144597.933    40.792    -2.71    3.46
 144973.891    39.763    -2.74    4.00
 145349.852    38.896    -2.30    4.34
 145725.817    37.465    -3.81    4.27
 146101.785    36.344    -2.98    3.67
 146477.756    35.946    -1.06    2.85
 146853.731    35.536    -1.09    2.19
 147229.709    35.396    -0.37    0.72
 147605.691    36.344     2.52    1.87
 147981.676    37.818     3.92    2.83
 148357.664    40.305     6.62    5.31
 148733.656    42.763     6.54    7.00
 149109.651    44.946     5.81    7.92
 149485.650    47.411     6.56    8.66
 149861.652    47.613     0.54    9.20
 150237.658    48.254     1.70    8.51
 150613.666    48.500     0.65    6.45
 150989.679    48.741     0.64    5.83
 151365.694    49.492     2.00    4.83
 151741.713    50.087     1.58    5.06
 152117.736    53.114     8.05    7.40
 152493.762    57.260    11.03    8.93
 152869.791    62.738    14.57    9.65
 153245.824    67.305    12.15    8.96
 153621.860    71.817    12.00    7.21
 153997.900    74.382     6.82    6.94
 154373.943    75.280     2.39    6.06
 154749.990    75.049    -0.61    6.77
 155126.040    73.682    -3.64    7.26
 155502.093    70.459    -8.57    7.44
 155878.150    67.763    -7.17    6.13
 156254.210    67.074    -1.83    6.11
 156630.274    67.054    -0.05    7.08
 157006.341    68.469     3.76    6.88
 157382.411    67.921    -1.46    7.65
 157758.485    66.344    -4.19    6.36
 158134.563    67.384     2.77    5.52
 158510.644    68.249     2.30    7.69
 158886.728    67.455    -2.11    8.20
 159262.816    68.081     1.66    7.76
 159638.907    67.921    -0.43    7.04
 160015.002    67.438    -1.28    7.08
 160391.100    68.767     3.53    8.16
 160767.202    71.305     6.75    9.76
 161143.307    77.510    16.50   10.66
 161519.415    83.276    15.33   11.08
 161895.528    89.562    16.71   11.23
 162271.643    93.411    10.24   11.64
 162647.762    96.475     8.15   12.23
 163023.884    95.949    -1.40   12.62
 163400.010    94.812    -3.02   12.03
 163776.140    92.280    -6.73   11.56
 164152.273    88.923    -8.93    9.97
 164528.409    88.492    -1.14    8.52
 164904.549    89.438     2.51    7.87
 165280.692    89.816     1.00    8.09
 165656.839    91.212     3.71    7.48
 166032.989    93.100     5.02    7.76
 166409.143    96.736     9.67    7.88
 166785.300   100.716    10.58    6.21
 167161.461   102.126     3.75    5.76
 167537.625   103.177     2.79    5.71
 167913.793   102.276    -2.40    5.61
 168289.964    99.664    -6.94    7.21
 168666.139    94.033   -14.97   10.27
 169042.317    90.060   -10.56    8.44
 169418.499    89.765    -0.78    7.46
 169794.684    93.875    10.93    9.05
 170170.873   101.716    20.84    8.63
 170547.065   102.975     3.35    7.75
 170923.261    98.303   -12.42   11.18
 171299.460    90.952   -19.54    9.87
 171675.663    87.705    -8.63    7.29
 172051.869    89.107     3.73    8.03
 172428.079    93.769    12.39    8.18
 172804.292    97.222     9.18    8.31
 173180.509    95.613    -4.28    8.79
 173556.729    94.510    -2.93    8.39
 173932.953    94.639     0.34    7.75
 174309.180    93.519    -2.97    6.92
 174685.411    94.613     2.91    7.73
 175061.646    94.519    -0.25    7.71
 175437.884    93.330    -3.16    6.94
 175814.125    92.736    -1.58    6.38
 176190.370    93.167     1.15    5.89
 176566.619    94.664     3.98    5.55
 176942.871    96.613     5.18    5.81
 177319.126    98.492     5.00    5.42
 177695.386   101.249     7.33    4.36
 178071.648   101.566     0.84    5.04
 178447.915   101.238    -0.87    4.55
 178824.184   103.269     5.40    7.25
 179200.458   105.600     6.20    9.44
 179576.735   107.305     4.53   10.22
 179953.015   107.081    -0.60    9.21
 180329.299   108.265     3.15    7.05
 180705.587   108.492     0.60    6.17
 181081.878   107.469    -2.72    5.96
 181458.172   105.600    -4.97    7.12
 181834.471   103.276    -6.18    6.34
 182210.773   105.195     5.10    8.42
 182587.078   112.538    19.51    8.92
 182963.387   117.639    13.55    6.71
 183339.699   119.280     4.36    6.40
 183716.015   117.094    -5.81    9.04
 184092.335   111.898   -13.81   10.30
 184468.658   107.006   -13.00    8.99
 184844.985   104.896    -5.61    8.49
 185221.315   104.119    -2.07    9.30
 185597.649   103.709    -1.09    9.28
 185973.987   103.228    -1.28    9.03
 186350.328   103.212    -0.04    7.56
 186726.673   104.002     2.10    6.06
 187103.021   105.600     4.25    5.78
 187479.373   107.019     3.77    6.38
 187855.728   110.554     9.39    9.33
 188232.087   116.384    15.49   11.02
 188608.450   121.502    13.60    9.46
 188984.816   124.177     7.11    6.98
 189361.186   122.792    -3.68    7.29
 189737.559   118.946   -10.22    7.52
 190113.936   118.399    -1.45    8.53
 190490.317   116.276    -5.64    8.20
 190866.701   115.763    -1.36    7.12
 191243.089   115.519    -0.65    5.63
 191619.480   114.844    -1.80    4.70
 191995.875   114.871     0.07    4.57
 192372.274   114.126    -1.98    4.59
 192748.676   114.949     2.19    4.91
 193125.082   115.510     1.49    4.75
 193501.492   116.384     2.32    5.07
 193877.899   117.562     3.13    4.36
 194253.592   118.449     2.36    4.32
 194629.288   119.788     3.56    3.87
 195004.989   121.633     4.91    3.96
 195380.692   124.371     7.29    4.61
 195756.400   126.536     5.76    4.90
 196132.111   128.433     5.05    4.42
 196507.826   129.701     3.37    4.04
 196883.544   130.979     3.40    3.92
 197259.266   131.979     2.66    3.97
 197634.991   133.546     4.17    4.31
 198010.721   137.119     9.51    5.98
 198386.453   140.249     8.33    7.41
 198762.190   144.587    11.55    8.49
 199137.930   147.028     6.50    8.23
 199513.673   146.151    -2.33    7.38
 199889.421   143.844    -6.14    7.65
 200265.172   138.544   -14.11    9.48
 200640.926   132.054   -17.27    9.50
 201016.684   128.788    -8.69    9.82
 201392.446   126.054    -7.28   11.19
 201768.212   125.288    -2.04   11.69
 202143.981   127.844     6.80   14.90
 202519.754   127.690    -0.41   13.17
 202895.530   127.844     0.41   11.46
 203271.310   126.844    -2.66   10.37
 203647.094   124.195    -7.05    8.02
 204022.881   123.396    -2.13    5.99
 204398.672   123.669     0.72    5.65
 204774.467   127.925    11.33    7.92
 205150.265   133.357    14.45    8.72
 205526.067   139.581    16.56    9.01
 205901.873   143.895    11.48    8.24
 206277.682   147.546     9.72    8.11
 206653.495   148.394     2.25    7.34
 207029.312   146.291    -5.60    8.82
 207405.132   143.898    -6.37    9.58
 207780.956   139.114   -12.73   10.62
 208156.784   135.010   -10.92    8.03
 208532.615   135.100     0.24    8.58
 208908.450   138.869    10.03   10.74
 209284.288   139.729     2.29   10.15
 209660.131   142.006     6.06    9.59
 210035.977   142.790     2.09    8.35
 210411.827   140.817    -5.25    8.86
 210787.680   139.419    -3.72    7.93
 211163.537   138.682    -1.96    7.80
 211539.398   143.639    13.19   12.37
 211915.262   150.502    18.26   15.02
 212291.130   155.869    14.28   12.88
 212667.002   162.141    16.69    8.29
 213042.878   161.919    -0.59    6.97
 213418.757   162.738     2.18    8.07
 213794.640   162.249    -1.30    8.82
 214170.526   160.790    -3.88    8.21
 214546.417   159.044    -4.65    6.87
 214922.311   157.074    -5.24    6.69
 215298.209   151.639   -14.46    7.45
 215674.110   149.788    -4.92    6.83
 216050.015   149.979     0.51    8.63
 216425.924   151.925     5.18    9.04
 216801.837   153.028     2.93    7.95
 217177.753   150.969    -5.48    7.37
 217553.673   150.006    -2.56    6.88
 217929.597   148.741    -3.36    6.21
 218305.524   147.186    -4.14    7.13
 218681.455   145.151    -5.41    7.65
 219057.390   144.168    -2.62    7.36
 219433.329   142.819    -3.59    6.89
 219809.271   144.107     3.43    6.97
 220185.217   145.276     3.11    6.57
 220561.167   146.114     2.23    5.64
 220937.120   147.158     2.78    5.27
 221313.078   145.126    -5.41    5.80
 221689.039   142.126    -7.98    6.37
 222065.003   139.649    -6.59    6.27
 222440.972   136.357    -8.76    5.93
 222816.944   134.303    -5.46    5.06
 223192.920   135.791     3.96    6.44
 223568.900   138.319     6.72    6.29
 223944.883   139.763     3.84    5.37
 224320.870   139.690    -0.19    5.64
 224696.861   139.186    -1.34    6.18
 225072.856   139.921     1.95    6.28
 225448.854   140.492     1.52    6.21
 225824.857   141.519     2.73    5.71
 226200.863   139.423    -5.57    6.51
 226576.872   137.222    -5.85    7.37
 226952.886   132.682   -12.08    6.96
 227328.903   130.529    -5.72    6.23
 227704.924   131.690     3.09    6.29
 228080.949   132.510     2.18    5.94
 228456.977   133.249     1.96    6.03
 228833.010   133.952     1.87    7.66
 229209.046   134.898     2.52    9.72
 229585.086   140.002    13.57   12.51
 229961.129   141.544     4.10   14.72
 230337.177   141.736     0.51   11.94
 230713.228   143.074     3.56    9.94
 231089.283   145.633     6.80   10.69
 231465.342   152.767    18.97   15.39
 231841.404   158.060    14.08   16.06
 232217.470   162.419    11.59   15.22
 232593.541   166.370    10.51   15.18
 232969.614   168.519     5.72   15.90
 233345.692   170.438     5.10   16.71
 233721.774   172.844     6.40   13.65
 234097.859   176.613    10.02   13.60
 234473.948   183.074    17.18   14.70
 234850.041   188.788    15.19   15.30
 235226.138   190.682     5.03   13.13
 235602.238   186.006   -12.43   13.57
 235978.342   177.765   -21.91   13.07
 236354.450   169.619   -21.66    9.19
 236730.562   164.952   -12.41    9.39
 237106.678   159.408   -14.74    9.37
 237482.798   156.581    -7.52    8.47
 237858.921   152.587   -10.62    7.44
 238235.048   150.817    -4.71    8.66
 238611.179   149.469    -3.58   10.65
 238987.314   145.238   -11.25   11.66
 239363.452   142.357    -7.66   11.41
 239739.595   143.168     2.16   15.83
 240115.741   142.955    -0.57   19.43
 240491.891   144.305     3.59   20.12
 240868.045   149.716    14.38   21.98
 241244.203   152.010     6.10   23.03
 241620.365   154.465     6.53   24.31
 241996.530   150.573   -10.35   23.18
 242372.699   140.738   -26.15   19.94
 242748.872   134.519   -16.54   12.89
 243125.049   132.384    -5.67    9.20
 243501.230   132.305    -0.21    7.14
 243877.415   130.449    -4.93    8.20
 244253.603   127.408    -8.08    9.48
 244629.795   123.141   -11.34   10.14
 245005.991   121.769    -3.65   11.07
 245382.191   119.607    -5.75   10.70
 245758.395   116.427    -8.45   10.33
 246134.603   111.344   -13.51    9.77
 246510.814   105.260   -16.17    8.84
 246887.030   101.690    -9.49    7.31
 247263.249    98.177    -9.34    6.09
 247639.472    97.121    -2.81    5.96
 248015.699    95.438    -4.47    5.39
 248391.930    96.195     2.01    7.24
 248768.165    97.033     2.23    8.84
 249144.403    98.744     4.55    8.92
 249520.646   100.709     5.22    9.15
 249896.892   102.792     5.54    8.21
 250273.142   105.949     8.39    7.73
 250649.397   107.228     3.40    8.06
 251025.654   110.438     8.53    7.39
 251401.916   114.536    10.89    7.60
 251778.182   117.396     7.60    8.16
 252154.452   121.566    11.08    7.98
 252530.725   124.923     8.92    7.31
 252907.002   127.483     6.80    6.46
 253283.284   124.998    -6.60    8.06
 253659.569   122.639    -6.27    7.74
 254035.858   121.358    -3.40    7.16
 254412.151   123.438     5.53    8.44
 254788.448   127.033     9.55   10.07
 255164.748   130.317     8.73   11.64
 255541.053   133.669     8.91   11.76
 255917.362   136.276     6.93    9.88
 256293.674   136.644     0.98    9.00
 256669.990   136.587    -0.15    7.94
 257046.311   141.203    12.27    9.67
 257422.635   146.411    13.84   10.01
 257798.963   150.716    11.44   10.20
 258175.295   153.151     6.47    8.96
 258551.631   149.566    -9.53   11.23
 258927.970   146.074    -9.28   11.24
 259304.314   139.038   -18.70    7.65
 259680.662   134.423   -12.26    6.55
 260057.013   130.767    -9.71    6.53
 260433.369   126.758   -10.65    5.62
 260809.728   123.411    -8.89    6.00
 261186.091   121.291    -5.63    5.38
 261562.459   119.028    -6.01    5.66
 261938.830   116.126    -7.71    6.07
 262315.205   112.871    -8.65    6.90
 262691.584   110.892    -5.26    5.77
 263067.967   110.639    -0.67    5.42
 263444.354   111.203     1.50    5.47
 263820.745   112.952     4.65    5.75
 264197.140   115.186     5.94    6.66
 264573.538   115.408     0.59    6.61
 264949.941   116.010     1.60    6.35
 265326.348   116.613     1.60    5.88
 265702.758   119.899     8.73    9.21
 266079.173   123.741    10.21   11.61
 266455.591   125.074     3.54   11.27
 266832.014   126.079     2.67   12.13
 267208.440   123.384    -7.16   12.85
 267584.870   121.736    -4.38   10.21
 267961.305   123.423     4.48    8.95
 268337.743   124.738     3.50    6.35
 268714.185   125.222     1.28    5.51
 269090.316   121.868    -8.92    7.36
 269465.974   118.023   -10.24    5.74
 269841.636   117.423    -1.60    5.07
 270217.301   117.972     1.46    5.86
 270592.971   119.291     3.51    5.27
 270968.645   117.767    -4.06    6.11
 271344.323   114.899    -7.63    6.23
 271720.004   110.613   -11.41    6.92
 272095.690   106.844   -10.03    4.70
 272471.379   104.126    -7.24    4.70
 272847.073   100.792    -8.87    6.33
 273222.770    98.815    -5.26    7.16
 273598.472    94.655   -11.08    6.92
 273974.177    91.519    -8.35    5.73
 274349.887    88.396    -8.31    5.16
 274725.600    88.344    -0.14    5.53
 275101.318    89.788     3.84    7.21
 275477.039    93.234     9.17    7.31
 275852.764    94.023     2.10    6.72
 276228.494    91.087    -7.82    7.58
 276604.227    87.265   -10.17    7.42
 276979.964    85.975    -3.43    7.46
 277355.705    86.690     1.90    8.66
 277731.451    88.094     3.74    8.93
 278107.200    85.869    -5.92    8.38
 278482.953    81.399   -11.90    8.86
 278858.710    75.792   -14.92    7.29
 279234.472    71.305   -11.94    5.75
 279610.237    68.301    -8.00    3.64
 279986.006    68.384     0.22    3.36
 280361.779    70.790     6.40    5.72
 280737.556    73.554     7.36    6.69
 281113.338    78.331    12.71    7.24
 281489.123    80.871     6.76    6.07
 281864.912    83.844     7.91    5.97
 282240.705    85.664     4.84    5.67
 282616.503    87.212     4.12    5.15
 282992.304    86.107    -2.94    6.45
 283368.109    83.767    -6.23    6.08
 283743.919    83.382    -1.02    5.40
 284119.732    84.149     2.04    5.57
 284495.549    87.792     9.69    6.42
 284871.371    91.790    10.64    6.16
 285247.196    91.944     0.41    5.79
 285623.025    92.844     2.39    6.30
 285998.859    91.615    -3.27    5.91
 286374.696    94.195     6.87    6.60
 286750.538    96.303     5.61    5.65
 287126.383    93.317    -7.94    7.04
 287502.233    89.485   -10.20    7.47
 287878.087    85.060   -11.77    7.43
 288253.944    80.169   -13.01    5.86
 288629.806    78.305    -4.96    5.24
 289005.672    77.370    -2.49    4.66
 289381.542    78.028     1.75    4.45
 289757.415    78.151     0.33    3.80
 290133.293    79.921     4.71    3.94
 290509.175    81.955     5.41    3.67
 290885.061    84.331     6.32    4.42
 291260.951    87.492     8.41    4.71
 291636.845    90.494     7.99    5.78
 292012.744    93.869     8.98    5.50
 292388.646    97.010     8.36    5.26
 292764.552    99.871     7.61    5.32
 293140.463   102.600     7.26    5.75
 293516.377   105.403     7.45    6.60
 293892.295   107.924     6.71    6.19
