# NaN NaN NaN ;Mean Elev.(m), Avg Gradient(m/km), RMS Gradient(m/km) - SRTM1     
#  108.130   0.264   6.254 ;Mean Elev.(m), Avg Gradient(m/km), RMS Gradient(m/km) - ASTER GDEM
#  119.457   0.020   4.377 ;Mean Elev.(m), Avg Gradient(m/km), RMS Gradient(m/km) - GMTED2010 
  7 311.294892  -6.681319   123.918   123.982  3 52443.05480642 48.987
  8 311.299972  -6.681733   123.249   122.957  3 52478.05480098 39.562
  9 311.312181  -6.675523   122.469   122.445  3 52513.05474387 52.030
 10 311.303822  -6.680348   122.627   122.657  4 52548.05478496 49.221
 11 311.307786  -6.679502   122.845   122.833  3 52583.05478682 43.837
 12 311.300813  -6.680332   123.149   123.198  3 52618.05476098 51.523
 13 311.313882  -6.676729   124.520   124.532  3 52653.05473520 50.723
 14 311.305808  -6.679468   126.455   126.443  4 52688.05473546 51.466
 15 311.304757  -6.678714   128.495   128.478  3 52723.05478224 52.174
 16 311.293156  -6.682359   128.385   128.390  3 52758.05480298 52.143
 17 311.308195  -6.679616   125.094   125.079  3 52793.05475598 50.979
 18 311.309639  -6.677142   123.623   123.733  3 52828.05482419 44.976
 19 311.310884  -6.675746   123.394   123.681  3 52863.05486945 46.657
 20 311.303185  -6.681440   122.474   122.444  3 52898.05489812 52.288
 21 311.301621  -6.681627   122.706   122.635  3 52933.05484370 51.397
 22 311.306232  -6.677706   123.734   123.637  3 52968.05485168 52.538
 24 311.300721  -6.681209   128.719   127.746  3 53038.05482391 28.071
 25 311.303023  -6.680138   130.623   130.594  3 53073.05485075 50.312
 26 311.301115  -6.682976   131.374   131.377  3 53108.05482372 51.277
 27 311.304248  -6.679477   127.965   127.949  3 53143.05486055 52.025
 28 311.306841  -6.679940   124.337   124.331  3 53178.05488172 50.700
 29 311.303146  -6.681560   123.600   123.167  3 53213.05490199 47.720
 30 311.305170  -6.679870   125.273   125.083  4 53248.05487113 18.753
 31 311.302440  -6.682556   122.652   122.570  3 53283.05486185 49.625
 32 311.308362  -6.677659   122.963   123.020  3 53318.05486182 46.604
 33 311.309014  -6.676960   124.173   124.223  3 53353.05482800 44.208
 34 311.304739  -6.679480   125.500   125.510  3 53388.05482335 51.976
 35 311.310941  -6.676751   128.126   128.120  4 53423.05482412 51.037
 36 311.309910  -6.677228   129.208   129.201  4 53458.05482925 51.095
 37 311.298487  -6.683524   128.251   128.206  3 53493.05491376 50.151
 38 311.309679  -6.678715   125.000   125.010  3 53528.05489335 52.399
 39 311.298781  -6.682551   124.263   124.387  4 53563.05492233 46.114
 40 311.308066  -6.677964   122.640   122.603  3 53598.05486299 52.946
 41 311.301610  -6.680575   122.570   122.455  3 53633.05485840 44.726
 42 311.300491  -6.680594   122.481   122.377  3 53668.05488039 21.080
 43 311.309080  -6.676821   123.112   123.058  3 53703.05482446 50.933
 44 311.309094  -6.677885   126.019   126.015  4 53738.05473390 50.463
 45 311.310983  -6.678008   127.260   127.271  3 53773.05474679 28.959
 46 311.307638  -6.677474   126.816   126.885  3 53808.05473402 50.923
 48 311.307923  -6.676927   128.616   128.616  3 53878.05480367 52.765
 49 311.299154  -6.682279   124.193   124.213  3 53913.05485585 50.086
 51 311.304171  -6.681701   122.609   122.646  3 53983.05481097 41.316
 52 311.307554  -6.680165   122.630   122.677  3 54018.05484067 41.690
 53 311.313189  -6.675195   123.614   123.610  3 54053.05483493 49.403
 54 311.306260  -6.678569   124.608   124.615  3 54088.05482595 50.602
 55 311.304506  -6.680561   125.734   125.654  3 54123.05474884 50.671
 56 311.305000  -6.681208   128.717   128.727  3 54158.05478898 29.313
 58 311.305144  -6.679767   126.646   126.649  3 54228.05480110 51.584
 59 311.305772  -6.679343   123.791   123.811  4 54263.05482044 51.243
 60 311.305946  -6.679444   122.827   122.856  4 54298.05482514 48.610
 61 311.306542  -6.679635   122.793   122.580  3 54333.05481459 51.320
 63 311.306041  -6.680067   122.470   122.434  3 54403.05475767 48.948
 65 311.307637  -6.678020   123.668   123.708  3 54473.05474368 17.831
 66 311.304962  -6.678353   126.046   126.092  3 54508.05472572 49.852
 67 311.306385  -6.677977   127.809   127.801  3 54543.05475804 46.987
 68 311.304798  -6.680219   128.422   128.370  3 54578.05472819 44.521
 69 311.306349  -6.679668   126.083   126.052  3 54613.05474904 51.843
 70 311.305129  -6.679866   123.702   123.679  4 54648.05475546 51.530
 71 311.305371  -6.680386   122.702   122.663  3 54683.05475588 47.112
 72 311.305285  -6.678555   122.368   122.268  3 54718.05470383 50.403
 73 311.305318  -6.678912   121.970   122.097  3 54753.05472884 49.818
 74 311.304918  -6.679870   122.461   122.454  4 54788.05469343 46.128
 75 311.306552  -6.679731   124.286   124.292  3 54823.05472317 49.886
 76 311.305677  -6.679275   125.547   125.576  3 54858.05469000 47.560
 77 311.304491  -6.681546   127.607   127.295  3 54893.05472509 41.015
 78 311.303687  -6.681880   127.197   127.174  3 54928.05468694 52.130
 80 311.303126  -6.680926   125.539   125.504  3 54998.05474604 52.331
 82 311.305898  -6.680342   122.838   122.816  3 55068.05472369 50.178
 83 311.303594  -6.681770   122.760   122.689  3 55103.05466197 46.575
 84 311.305900  -6.679331   123.264   123.320  4 55138.05467009 49.086
 85 311.304834  -6.678428   124.648   124.775  3 55173.05463139 49.218
 86 311.305839  -6.679876   126.654   126.643  3 55208.05466492 53.463
 87 311.304215  -6.680721   127.992   128.048  3 55243.05463525 49.918
 88 311.305069  -6.680460   127.602   127.639  3 55278.05465811 51.805
 89 311.304729  -6.679459   127.964   127.952  3 55313.05462177 51.883
 90 311.306056  -6.680354   125.555   124.503  3 55348.05462924 32.280
 91 311.305153  -6.680697   123.369   123.108  3 55383.05461919 48.031
 92 311.306341  -6.679650   122.983   122.587  3 55418.05464809 51.146
 93 311.305834  -6.679983   122.272   122.157  3 55453.05462891 51.763
 94 311.305830  -6.678469   122.544   122.407  3 55488.05455020 42.914
